El. Winter	El. Intermediate	El. Summer
0.068316667	0.065016667	0.106233333
0.070816667	0.1041	0.170083333
0.131466667	0.110733333	0.211933333
0.134583333	0.117683333	0.175533333
0.14005	0.095733333	0.1823
0.155733333	0.157666667	0.156066667
0.1585	0.16765	0.1372
0.162233333	0.1723	0.143766667
0.135133333	0.1794	0.149316667
0.135116667	0.182116667	0.122966667
0.1601	0.170616667	0.12525
0.164133333	0.170616667	0.137766667
0.21655	0.204683333	0.145866667
0.218766667	0.2021	0.177366667
0.224216667	0.2066	0.18265
0.1901	0.1802	0.221933333
0.238616667	0.186	0.193916667
0.240083333	0.194683333	0.190033333
0.247283333	0.193583333	0.28355
0.250433333	0.235033333	0.3742
0.303233333	0.238716667	0.530283333
0.3007	0.237683333	0.458416667
0.307833333	0.204083333	0.424866667
0.31005	0.202733333	0.29165
0.315816667	0.206	0.300216667
0.319116667	0.153916667	0.296133333
0.323633333	0.151066667	0.232716667
0.329433333	0.15785	0.230083333
0.344616667	0.20235	0.272583333
0.344216667	0.230733333	0.270883333
0.3378	0.25145	0.27125
0.339133333	0.251316667	0.240433333
0.322466667	0.227483333	0.244666667
0.363016667	0.200966667	0.24205
0.390033333	0.2026	0.23755
0.395033333	0.205016667	0.240016667
0.3162	0.20685	0.257616667
0.291166667	0.213316667	0.26565
0.278883333	0.219633333	0.2675
0.284233333	0.21945	0.313266667
0.257216667	0.283233333	0.347816667
0.256333333	0.297066667	0.362366667
0.2582	0.319633333	0.398766667
0.227683333	0.320916667	0.369716667
0.22825	0.31595	0.35205
0.22815	0.294683333	0.316033333
0.22965	0.298616667	0.31625
0.224833333	0.300366667	0.28185
0.227033333	0.2642	0.296533333
0.232733333	0.2699	0.299783333
0.224716667	0.25675	0.277366667
0.23565	0.25665	0.275783333
0.236016667	0.25355	0.2735
0.23735	0.255266667	0.274416667
0.27335	0.261283333	0.275316667
0.271466667	0.254833333	0.280783333
0.2749	0.2539	0.2773
0.24955	0.257816667	0.280466667
0.24855	0.26085	0.3192
0.28285	0.265133333	0.271666667
0.2563	0.193983333	0.240733333
0.395616667	0.200133333	0.198133333
0.359766667	0.198133333	0.198083333
0.357433333	0.187416667	0.198616667
0.22905	0.226083333	0.194883333
0.259633333	0.22515	0.19745
0.265583333	0.2235	0.2085
0.28195	0.1903	0.250633333
0.256633333	0.179983333	0.25685
0.260766667	0.17285	0.297816667
0.280383333	0.19045	0.240783333
0.422616667	0.220066667	0.242166667
0.458483333	0.2253	0.204033333
0.435683333	0.219516667	0.205
0.2808	0.1822	0.203683333
0.24505	0.187	0.209116667
0.24435	0.1831	0.19805
0.23305	0.209116667	0.201333333
0.229833333	0.2156	0.203866667
0.230866667	0.22165	0.215416667
0.226716667	0.229133333	0.20035
0.229883333	0.234533333	0.195666667
0.233033333	0.234516667	0.204333333
0.232916667	0.1971	0.203583333
0.236883333	0.198516667	0.206416667
0.234766667	0.198566667	0.24735
0.2375	0.200233333	0.245933333
0.237333333	0.23355	0.243916667
0.219166667	0.241283333	0.203133333
0.21975	0.244166667	0.207666667
0.2081	0.205283333	0.210566667
0.2188	0.215833333	0.216983333
0.217133333	0.211083333	0.209116667
0.221833333	0.206833333	0.216366667
0.2286	0.205433333	0.217983333
0.221283333	0.202066667	0.215066667
0.229783333	0.201633333	0.2266
0.237283333	0.20085	0.225816667
0.224883333	0.199616667	0.227533333
0.270416667	0.194233333	0.224733333
0.309716667	0.185116667	0.22705
0.298866667	0.19005	0.217966667
0.305666667	0.187333333	0.22035
0.280083333	0.181766667	0.230983333
0.2789	0.212966667	0.234433333
0.2841	0.213633333	0.2308
0.28735	0.211166667	0.227666667
0.2885	0.171483333	0.224866667
0.292883333	0.170766667	0.257466667
0.288833333	0.168766667	0.26825
0.2876	0.172583333	0.264
0.283516667	0.184483333	0.228183333
0.281833333	0.185333333	0.23325
0.285533333	0.194033333	0.228783333
0.283783333	0.193966667	0.232016667
0.280166667	0.20205	0.233866667
0.267683333	0.197233333	0.23875
0.268616667	0.195483333	0.23775
0.263233333	0.196566667	0.237583333
0.219966667	0.19765	0.2803
0.203	0.182966667	0.2667
0.199516667	0.184933333	0.270783333
0.2023	0.188216667	0.275066667
0.210933333	0.181016667	0.276466667
0.212933333	0.210166667	0.273366667
0.224733333	0.213933333	0.26825
0.2316	0.21325	0.251583333
0.22685	0.185516667	0.2517
0.23445	0.182766667	0.254066667
0.237233333	0.188883333	0.245733333
0.21885	0.187633333	0.218666667
0.225666667	0.186316667	0.216166667
0.22225	0.201383333	0.224966667
0.22605	0.190183333	0.216633333
0.263533333	0.193533333	0.220333333
0.26185	0.193433333	0.221033333
0.264516667	0.193433333	0.221033333
0.284616667	0.18525	0.2219
0.284416667	0.188116667	0.215566667
0.27715	0.1866	0.163983333
0.235866667	0.19575	0.162216667
0.229966667	0.1944	0.167566667
0.2305	0.21755	0.166133333
0.234983333	0.212433333	0.165616667
0.232483333	0.215083333	0.194283333
0.239583333	0.226816667	0.194316667
0.249933333	0.224183333	0.200816667
0.23075	0.224233333	0.169766667
0.26605	0.19705	0.165766667
0.269983333	0.2004	0.169766667
0.262216667	0.192183333	0.16345
0.222716667	0.198466667	0.1697
0.23445	0.197116667	0.167166667
0.236666667	0.1893	0.170566667
0.19725	0.179433333	0.17055
0.198366667	0.175183333	0.172566667
0.199566667	0.175883333	0.169533333
0.20065	0.174783333	0.1741
0.19865	0.174	0.17975
0.195966667	0.3373	0.17555
0.190416667	0.3382	0.177416667
0.197083333	0.332566667	0.176316667
0.196533333	0.216716667	0.174233333
0.1962	0.226216667	0.18105
0.19895	0.229533333	0.184333333
0.21075	0.233666667	0.222
0.331516667	0.27355	0.225716667
0.338033333	0.278166667	0.2358
0.3297	0.2797	0.20265
0.196433333	0.23635	0.201316667
0.19105	0.236583333	0.205766667
0.18325	0.23525	0.20285
0.1838	0.22725	0.2078
0.17955	0.23225	0.20635
0.171416667	0.2287	0.200833333
0.17465	0.229916667	0.203266667
0.1738	0.228116667	0.201166667
0.202466667	0.227916667	0.1985
0.203566667	0.22355	0.203116667
0.202833333	0.2157	0.20175
0.163033333	0.213933333	0.198083333
0.165033333	0.2128	0.19545
0.164716667	0.211666667	0.206833333
0.163133333	0.21695	0.210883333
0.164266667	0.21715	0.206966667
0.164266667	0.214983333	0.20925
0.1543	0.217483333	0.21025
0.150033333	0.2254	0.199816667
0.1513	0.223283333	0.194033333
0.150366667	0.222616667	0.192683333
0.1539	0.223033333	0.184933333
0.160866667	0.223033333	0.185433333
0.155383333	0.22275	0.181183333
0.15545	0.21845	0.18155
0.155733333	0.220933333	0.177466667
0.159766667	0.226683333	0.182683333
0.167333333	0.237016667	0.1848
0.164183333	0.232316667	0.182366667
0.164683333	0.232383333	0.17685
0.165683333	0.230983333	0.177616667
0.16125	0.219166667	0.1694
0.156033333	0.220633333	0.1757
0.161083333	0.16105	0.1824
0.157716667	0.161416667	0.178066667
0.154283333	0.159	0.1718
0.146666667	0.152	0.175216667
0.147566667	0.158083333	0.197433333
0.148633333	0.154466667	0.189316667
0.146683333	0.153233333	0.226733333
0.1446	0.150066667	0.22725
0.180083333	0.153633333	0.2315
0.1825	0.1536	0.228916667
0.1825	0.152733333	0.23365
0.148433333	0.153983333	0.233733333
0.15265	0.152966667	0.191033333
0.151533333	0.154033333	0.2036
0.14725	0.156916667	0.200183333
0.145616667	0.15215	0.201916667
0.143216667	0.155983333	0.199133333
0.1429	0.15905	0.199133333
0.13445	0.152566667	0.19415
0.1426	0.1523	0.188916667
0.140433333	0.15255	0.185266667
0.14645	0.155733333	0.18525
0.149766667	0.151733333	0.180966667
0.152116667	0.149216667	0.181966667
0.1508	0.147233333	0.187516667
0.19835	0.151833333	0.18455
0.203066667	0.155366667	0.185716667
0.213316667	0.156366667	0.179233333
0.212983333	0.144433333	0.1819
0.21575	0.139216667	0.181566667
0.212366667	0.1302	0.181016667
0.219066667	0.128533333	0.185366667
0.224533333	0.129433333	0.190966667
0.224966667	0.184166667	0.185383333
0.223316667	0.184166667	0.18605
0.221333333	0.185433333	0.186216667
0.218933333	0.18695	0.180783333
0.225483333	0.19355	0.177583333
0.22215	0.189633333	0.181833333
0.2192	0.3381	0.181166667
0.21815	0.338766667	0.1871
0.20775	0.347883333	0.186316667
0.204733333	0.1982	0.19555
0.208266667	0.191583333	0.226016667
0.220966667	0.196016667	0.266333333
0.18465	0.205933333	0.272283333
0.186733333	0.207716667	0.23255
0.185033333	0.205133333	0.200033333
0.181666667	0.204083333	0.196633333
0.176433333	0.211283333	0.200483333
0.178533333	0.2135	0.205233333
0.175016667	0.216333333	0.201516667
0.177766667	0.216333333	0.200033333
0.178116667	0.1659	0.196816667
0.173766667	0.16655	0.190966667
0.175666667	0.16015	0.192983333
0.17795	0.162783333	0.18635
0.17795	0.160233333	0.198233333
0.169083333	0.16665	0.2002
0.1668	0.1955	0.250883333
0.168466667	0.194833333	0.24995
0.197916667	0.194433333	0.2527
0.196933333	0.152583333	0.21365
0.197066667	0.153433333	0.20645
0.162466667	0.148916667	0.19
0.166816667	0.147783333	0.1914
0.155	0.151683333	0.186383333
0.15305	0.147133333	0.193616667
0.148566667	0.1452	0.2303
0.152566667	0.179083333	0.224233333
0.152366667	0.1837	0.223016667
0.151716667	0.179666667	0.189166667
0.157683333	0.145133333	0.186833333
0.15725	0.148916667	0.189583333
0.154033333	0.148066667	0.195733333
0.150133333	0.1489	0.193883333
0.151866667	0.14725	0.201733333
0.1479	0.30555	0.19725
0.146816667	0.300766667	0.19875
0.1537	0.30255	0.191883333
0.194366667	0.157383333	0.183033333
0.187816667	0.155433333	0.179716667
0.185683333	0.159616667	0.178966667
0.1485	0.162083333	0.180866667
0.156833333	0.162416667	0.1754
0.156833333	0.16615	0.167083333
0.158416667	0.167733333	0.1638
0.1528	0.166	0.162133333
0.1584	0.166666667	0.161033333
0.1611	0.171383333	0.1459
0.157266667	0.2219	0.147983333
0.15465	0.214033333	0.150733333
0.153733333	0.214716667	0.1581
0.158066667	0.217283333	0.159833333
0.161233333	0.209366667	0.159066667
0.16405	0.21135	0.162583333
0.2014	0.272366667	0.163366667
0.25075	0.275083333	0.162783333
0.236533333	0.2743	0.155533333
0.2053	0.280333333	0.16175
0.2053	0.280466667	0.165183333
0.229216667	0.293233333	0.16385
0.2253	0.288616667	0.170966667
0.22665	0.28755	0.1898
0.235383333	0.322933333	0.1888
0.259283333	0.341966667	0.18735
0.2588	0.34345	0.19
0.259033333	0.335533333	0.191666667
0.236866667	0.2727	0.188783333
0.236866667	0.28125	0.188133333
0.239116667	0.298516667	0.1811
0.240416667	0.299983333	0.187033333
0.23815	0.294283333	0.190016667
0.198983333	0.2911	0.18185
0.196166667	0.296733333	0.176266667
0.186516667	0.292516667	0.180833333
0.223183333	0.22625	0.187766667
0.223083333	0.224116667	0.190833333
0.224883333	0.227416667	0.189033333
0.196033333	0.2789	0.188833333
0.192366667	0.26405	0.19185
0.196783333	0.26485	0.237833333
0.198066667	0.30165	0.242583333
0.231833333	0.2975	0.23785
0.233616667	0.296816667	0.195083333
0.201416667	0.346	0.19015
0.168983333	0.3041	0.194316667
0.164183333	0.299133333	0.19895
0.173116667	0.3075	0.196766667
0.171833333	0.304233333	0.199016667
0.176416667	0.307233333	0.196466667
0.172516667	0.3061	0.1938
0.170833333	0.336316667	0.19235
0.205616667	0.338283333	0.192183333
0.212433333	0.335016667	0.195466667
0.213166667	0.30645	0.193666667
0.211316667	0.307116667	0.1917
0.2011	0.3041	0.19195
0.205916667	0.301566667	0.1987
0.204916667	0.2489	0.18435
0.2017	0.322766667	0.183333333
0.20795	0.327883333	0.177533333
0.206533333	0.334733333	0.173583333
0.2004	0.2636	0.16155
0.202883333	0.26165	0.161266667
0.220333333	0.211183333	0.167683333
0.228416667	0.205966667	0.2042
0.2242	0.205133333	0.206
0.2268	0.20625	0.205216667
0.236916667	0.165983333	0.211066667
0.23905	0.171933333	0.211266667
0.241916667	0.177683333	0.211066667
0.243933333	0.179883333	0.244666667
0.2087	0.20645	0.244533333
0.2039	0.208933333	0.245933333
0.2131	0.2543	0.215233333
0.21215	0.284716667	0.21545
0.218133333	0.286516667	0.217383333
0.21915	0.2912	0.22965
0.2623	0.2978	0.378433333
0.265183333	0.29935	0.39095
0.281383333	0.319566667	0.386783333
0.28495	0.3233	0.259133333
0.276483333	0.355266667	0.240666667
0.277683333	0.355266667	0.239
0.276816667	0.395183333	0.236633333
0.476966667	0.372016667	0.245816667
0.48255	0.3694	0.2466
0.52585	0.343566667	0.248366667
0.33105	0.387133333	0.249533333
0.341083333	0.392883333	0.25735
0.31555	0.388983333	0.291166667
0.30395	0.389766667	0.293416667
0.353116667	0.43035	0.302616667
0.5131	0.424783333	0.278133333
0.541316667	0.3868	0.280183333
0.551	0.3115	0.280833333
0.398166667	0.309116667	0.286333333
0.32915	0.367166667	0.28435
0.323716667	0.45025	0.261683333
0.329933333	0.39905	0.255533333
0.36885	0.432183333	0.2633
0.404083333	0.402933333	0.267616667
0.40725	0.437783333	0.258966667
0.467966667	0.401016667	0.261483333
0.5771	0.3954	0.288283333
0.618	0.385583333	0.285266667
0.61015	0.382233333	0.2779
0.482283333	0.388133333	0.27485
0.4498	0.350233333	0.292483333
0.422233333	0.400416667	0.283233333
0.45495	0.47515	0.28835
0.4497	0.474633333	0.285883333
0.475566667	0.51205	0.283983333
0.64055	0.461783333	0.284966667
0.632383333	0.46795	0.315933333
0.63545	0.444816667	0.459616667
0.4886	0.441433333	0.5656
0.537233333	0.479933333	0.542483333
0.55355	0.511566667	0.39555
0.584083333	0.510566667	0.322316667
0.59265	0.474233333	0.298916667
0.589183333	0.452783333	0.34025
0.576333333	0.48435	0.497483333
0.511866667	0.5428	0.496816667
0.497416667	0.585566667	0.4543
0.637766667	0.532666667	0.296366667
0.632116667	0.518333333	0.3839
0.638516667	0.574283333	0.3974
0.51345	0.582416667	0.399066667
0.658966667	0.499783333	0.374316667
0.624633333	0.45565	0.365066667
0.617583333	0.459566667	0.355783333
0.553066667	0.631216667	0.395116667
0.47415	0.729483333	0.4044
0.557583333	0.816983333	0.442666667
0.5545	0.6147	0.405
0.563916667	0.578366667	0.400066667
0.586016667	0.564416667	0.39045
0.591883333	0.832416667	0.56595
0.62225	0.832366667	0.609366667
0.6441	0.899	0.6796
0.651416667	0.633616667	0.503483333
0.613466667	0.630033333	0.509466667
0.822933333	0.587266667	0.483816667
0.802816667	0.664833333	0.654916667
0.936333333	0.810583333	0.762083333
0.883216667	0.669333333	0.75115
0.934866667	0.808183333	0.63655
0.773716667	0.65745	0.567933333
0.621933333	0.646433333	0.5831
0.62315	0.741483333	0.584483333
0.633083333	0.8198	0.629116667
0.6568	0.8195	0.618566667
0.649966667	0.683116667	0.614483333
0.68355	0.6418	0.67335
0.7023	0.63505	0.696166667
0.646783333	0.581033333	0.695416667
0.607966667	0.586466667	0.665133333
0.7505	0.61215	0.758216667
1.110766667	0.6794	0.76045
1.193933333	0.681883333	0.720883333
1.0626	0.868733333	0.6194
0.933883333	1.118233333	0.7237
0.902583333	1.1174	0.597916667
0.970116667	0.951016667	0.8095
0.9563	0.885483333	0.6726
0.990266667	0.880633333	0.654983333
1.11135	0.881583333	0.433916667
1.046566667	0.844983333	0.39625
1.018016667	0.81635	0.388666667
0.838383333	0.720833333	0.600816667
0.84035	0.77355	0.79075
0.799216667	0.828933333	0.779683333
0.93765	0.881683333	0.6523
1.13965	0.91315	0.491966667
1.165916667	0.87705	0.6611
1.091466667	0.924616667	0.626016667
0.942566667	1.065716667	0.62775
0.915516667	1.149033333	0.401216667
1.107166667	1.094	0.4289
1.150916667	0.981733333	0.553933333
1.195666667	0.773266667	0.682416667
1.062316667	0.855266667	0.794316667
1.097566667	0.817416667	0.685083333
1.27085	1.147283333	0.68065
1.211733333	1.100116667	0.5916
1.080316667	1.092783333	0.505166667
0.9259	0.765666667	0.494683333
0.92965	0.770883333	0.47765
0.950633333	0.936483333	0.479116667
1.07205	0.92975	0.484466667
1.075383333	0.977316667	0.486783333
1.026383333	0.752066667	0.483833333
0.8472	0.738683333	0.645433333
0.9892	0.6984	0.689983333
1.25375	0.70815	0.7609
1.394116667	0.615883333	0.60205
1.262416667	0.811183333	0.555666667
1.0184	0.857066667	0.581433333
0.826566667	0.87105	0.76355
0.894383333	0.787	0.789216667
0.930016667	0.83095	0.7833
0.932033333	0.815866667	0.684266667
0.90415	0.884633333	0.84945
0.927616667	0.884	0.808766667
0.949266667	0.96075	0.75825
1.028216667	0.833866667	0.731766667
0.990316667	0.786833333	1.0083
0.957266667	0.765633333	1.0466
0.986083333	0.7238	1.053666667
1.03115	0.85935	0.827816667
1.027433333	1.022616667	0.782616667
1.192833333	1.05565	0.821666667
1.206733333	1.0922	0.847133333
1.1989	0.993033333	0.803933333
1.06035	1.044683333	0.76745
1.178016667	1.039316667	0.765983333
1.134316667	0.9656	0.831866667
1.092866667	0.8237	0.819166667
1.040816667	0.947683333	0.856733333
0.988266667	0.838033333	0.714866667
0.938466667	0.82115	0.68545
0.9638	0.675083333	0.623016667
0.886483333	0.659666667	0.599733333
0.94995	0.734833333	0.672
0.884	0.7563	0.6492
0.918583333	0.705033333	0.648966667
0.91775	0.5959	0.5284
0.921166667	0.556516667	0.664733333
0.977983333	0.754916667	0.667516667
0.902066667	0.756466667	0.668466667
0.915816667	0.733466667	0.536416667
0.88295	0.536733333	0.616266667
0.888316667	0.516216667	0.659666667
0.924866667	0.496233333	0.785983333
0.939783333	0.49125	0.710233333
0.88895	0.501566667	0.6935
0.834833333	0.461	0.550783333
0.81755	0.469816667	0.580783333
0.811416667	0.469316667	0.54115
0.7355	0.479283333	0.50805
0.768766667	0.5165	0.684666667
0.798433333	0.518866667	0.626083333
0.922783333	0.5239	0.62255
0.9217	0.533816667	0.446316667
0.922716667	0.5686	0.451883333
0.720133333	0.548916667	0.554183333
0.702683333	0.534216667	0.590216667
0.7244	0.668783333	0.587583333
0.67725	0.757716667	0.5144
0.674933333	0.762366667	0.452433333
0.6377	0.5892	0.456516667
0.7429	0.595	0.446066667
0.777683333	0.599233333	0.414266667
0.8187	0.571766667	0.419466667
0.685933333	0.609433333	0.425016667
0.662766667	0.53725	0.456183333
0.6166	0.502816667	0.450783333
0.543966667	0.46035	0.456183333
0.563733333	0.478566667	0.45685
0.560483333	0.46075	0.470816667
0.57085	0.459433333	0.472933333
0.56585	0.45955	0.437783333
0.60695	0.463333333	0.435466667
0.641366667	0.463116667	0.473866667
0.638316667	0.5033	0.469283333
0.604083333	0.476783333	0.478766667
0.594233333	0.488666667	0.424216667
0.590033333	0.497133333	0.451166667
0.660766667	0.682016667	0.451566667
0.696283333	0.62195	0.464133333
0.70945	0.618866667	0.499733333
0.676083333	0.419333333	0.471333333
0.6377	0.417266667	0.477166667
0.662	0.415383333	0.447466667
0.6559	0.413866667	0.449233333
0.6566	0.41225	0.6509
0.644416667	0.409266667	0.6664
0.636633333	0.423133333	0.699733333
0.635166667	0.330316667	0.5534
0.594866667	0.336316667	0.557566667
0.5784	0.364516667	0.5489
0.583916667	0.405466667	0.562166667
0.694266667	0.445533333	0.5622
0.754816667	0.4143	0.598633333
0.677383333	0.4532	0.562383333
0.674783333	0.428283333	0.6013
0.61805	0.50415	0.620833333
0.622133333	0.46445	0.622666667
0.64615	0.4098	0.6178
0.641216667	0.395416667	0.612033333
0.672316667	0.430833333	0.6468
0.64725	0.4327	0.60885
0.682283333	0.422583333	0.601116667
0.65	0.426533333	0.57295
0.686316667	0.476166667	0.56905
0.700583333	0.474433333	0.57015
0.667133333	0.51575	0.57295
0.7447	0.57655	0.575866667
0.715283333	0.628766667	0.47885
0.7519	0.641683333	0.50875
0.757416667	0.59275	0.534816667
0.6832	0.52965	0.533783333
0.622866667	0.486483333	0.54125
0.6618	0.50915	0.539616667
0.632033333	0.67005	0.595833333
0.63225	0.675383333	0.578866667
0.647916667	0.60025	0.52725
0.64975	0.469333333	0.496683333
0.642983333	0.48265	0.6511
0.61005	0.511383333	0.6876
0.61455	0.52115	0.6923
0.613066667	0.53265	0.551283333
0.581216667	0.528333333	0.5177
0.580683333	0.519033333	0.548333333
0.61965	0.523	0.553233333
0.672233333	0.55185	0.617616667
0.64305	0.462383333	0.597083333
0.528116667	0.4497	0.593083333
0.533833333	0.443466667	0.56015
0.525683333	0.427833333	0.694183333
0.487383333	0.435733333	0.673283333
0.5559	0.43215	0.633816667
0.59025	0.429916667	0.478683333
0.621116667	0.433783333	0.4566
0.551883333	0.4364	0.4089
0.57815	0.434783333	0.38155
0.58955	0.56175	0.384966667
0.618483333	0.5607	0.422433333
0.632483333	0.531666667	0.426883333
0.597016667	0.525333333	0.379033333
0.64375	0.659466667	0.3651
0.6938	0.614533333	0.438333333
0.7421	0.608233333	0.44085
0.762866667	0.471816667	0.442083333
0.77195	0.4629	0.441233333
0.707416667	0.46765	0.465283333
0.725633333	0.56815	0.5385
0.696033333	0.604366667	0.53665
0.703833333	0.605333333	0.500333333
0.675383333	0.520066667	0.461533333
0.666216667	0.601066667	0.4661
0.667866667	0.639916667	0.38975
0.660166667	0.63755	0.4724
0.6906	0.635	0.4739
0.68925	0.746783333	0.550633333
0.687683333	0.7531	0.51505
0.61885	0.746833333	0.51225
0.617116667	0.642333333	0.638183333
0.655133333	0.685233333	0.67755
0.656366667	0.684366667	0.705133333
0.57945	0.681116667	0.648066667
0.60675	0.687283333	0.6004
0.525933333	0.655233333	0.569066667
0.52815	0.658566667	0.520966667
0.46085	0.670366667	0.490066667
0.516433333	0.67025	0.3922
0.52515	0.791416667	0.40595
0.53065	0.7732	0.4784
0.477	0.781483333	0.473316667
0.46865	0.68175	0.4762
0.497983333	0.643116667	0.449583333
0.500466667	0.571483333	0.503883333
0.535533333	0.538733333	0.4389
0.435583333	0.537383333	0.437933333
0.473366667	0.570833333	0.378183333
0.434033333	0.537133333	0.398666667
0.431516667	0.710416667	0.436716667
0.40395	0.713533333	0.507466667
0.405416667	0.697083333	0.480016667
0.3942	0.5739	0.45455
0.389383333	0.570466667	0.59105
0.394533333	0.573133333	0.79235
0.445916667	0.603116667	0.78225
0.4083	0.628533333	0.743116667
0.407716667	0.662266667	0.602066667
0.381166667	0.655	0.542716667
0.381933333	0.657716667	0.54315
0.3868	0.6703	0.543283333
0.43475	0.708333333	0.570133333
0.434283333	0.712683333	0.615483333
0.513716667	0.743333333	0.61875
0.5178	0.75965	0.59145
0.54995	0.790883333	0.556183333
0.523466667	0.768166667	0.53335
0.51945	0.8004	0.5682
0.5038	0.765083333	0.621383333
0.54755	0.739366667	0.5692
0.548333333	0.745	0.532716667
0.579183333	0.837616667	0.44615
0.634633333	0.7907	0.440233333
0.66095	0.791766667	0.479283333
0.6113	0.680366667	0.459616667
0.551466667	0.635166667	0.4925
0.490466667	0.636516667	0.46975
0.44235	0.6908	0.52425
0.492733333	0.691183333	0.5189
0.495916667	0.724166667	0.518383333
0.50055	0.6249	0.520183333
0.534866667	0.654233333	0.516133333
0.53595	0.619983333	0.56805
0.45855	0.5791	0.5657
0.469333333	0.5425	0.56575
0.55145	0.536283333	0.603616667
0.6053	0.490533333	0.604133333
0.603716667	0.495583333	0.546483333
0.507383333	0.551216667	0.5492
0.507116667	0.5974	0.497883333
0.485933333	0.617266667	0.52245
0.522166667	0.571266667	0.49115
0.525216667	0.533433333	0.4988
0.557866667	0.530883333	0.5335
0.555466667	0.520783333	0.53685
0.564333333	0.515783333	0.484266667
0.565733333	0.5426	0.563733333
0.5933	0.551033333	0.559683333
0.546083333	0.557	0.562733333
0.531616667	0.54615	0.553783333
0.4926	0.5482	0.505883333
0.490966667	0.564683333	0.511783333
0.465816667	0.594366667	0.477283333
0.4808	0.63965	0.537666667
0.478216667	0.673	0.49115
0.56805	0.707183333	0.459583333
0.51125	0.670966667	0.416733333
0.511883333	0.583416667	0.422216667
0.512833333	0.578116667	0.417016667
0.520216667	0.545916667	0.411616667
0.5715	0.544533333	0.415233333
0.61345	0.511666667	0.413066667
0.642416667	0.509033333	0.407
0.637566667	0.493683333	0.471416667
0.6453	0.49095	0.479616667
0.6304	0.527333333	0.50945
0.633983333	0.495233333	0.459083333
0.7012	0.451933333	0.433933333
0.702933333	0.494966667	0.432883333
0.703933333	0.540583333	0.458166667
0.599916667	0.654333333	0.475633333
0.762616667	0.6015	0.50805
0.729133333	0.560716667	0.505966667
0.787733333	0.569133333	0.539366667
0.647016667	0.557733333	0.438
0.647016667	0.5587	0.43865
0.565233333	0.591916667	0.4543
0.5395	0.5975	0.530933333
0.541533333	0.62435	0.5702
0.51195	0.587083333	0.461333333
0.465766667	0.617166667	0.394083333
0.46635	0.58355	0.471633333
0.452766667	0.586216667	0.466
0.438016667	0.58455	0.418683333
0.472033333	0.545916667	0.404133333
0.433116667	0.545233333	0.366666667
0.419933333	0.590266667	0.344016667
0.458916667	0.58315	0.392066667
0.4552	0.529133333	0.415266667
0.45955	0.47875	0.48185
0.431	0.527433333	0.439983333
0.4339	0.526166667	0.43965
0.4684	0.57865	0.438333333
0.43155	0.532383333	0.36175
0.428416667	0.53625	0.407116667
0.437416667	0.559166667	0.40685
0.437166667	0.55555	0.551583333
0.469733333	0.595633333	0.536466667
0.466466667	0.56405	0.5319
0.465633333	0.623733333	0.3595
0.474266667	0.648283333	0.369566667
0.651033333	0.668716667	0.371383333
0.652083333	0.697416667	0.341633333
0.659433333	0.688883333	0.363316667
0.481833333	0.66125	0.402183333
0.483016667	0.6581	0.370866667
0.440683333	0.691316667	0.362233333
0.46975	0.653233333	0.32605
0.534416667	0.689183333	0.32495
0.53555	0.711966667	0.208466667
0.465466667	0.70245	0.20795
0.44075	0.655866667	0.30005
0.397633333	0.659883333	0.3368
0.38945	0.610366667	0.38305
0.393983333	0.652566667	0.403983333
0.400766667	0.580833333	0.3691
0.39845	0.5215	0.369533333
0.3933	0.559666667	0.3411
0.397016667	0.586433333	0.324566667
0.396466667	0.5813	0.322266667
0.396616667	0.583433333	0.341783333
0.3523	0.54655	0.370933333
0.351866667	0.491966667	0.366366667
0.34835	0.49815	0.377216667
0.307833333	0.495266667	0.338066667
0.3813	0.497516667	0.385566667
0.375383333	0.416183333	0.382033333
0.349466667	0.420833333	0.339583333
0.264316667	0.4576	0.376683333
0.2911	0.457083333	0.34565
0.320483333	0.4326	0.334066667
0.3422	0.375216667	0.398433333
0.434416667	0.3264	0.3538
0.425933333	0.312116667	0.338866667
0.492216667	0.31835	0.338
0.52935	0.327516667	0.350766667
0.533966667	0.3363	0.350433333
0.513516667	0.359883333	0.370566667
0.555216667	0.362266667	0.359733333
0.59525	0.357933333	0.49835
0.597466667	0.3303	0.499083333
0.557183333	0.332833333	0.5317
0.55445	0.336716667	0.47075
0.55475	0.355	0.468066667
0.564233333	0.390816667	0.449616667
0.559416667	0.38915	0.45245
0.568583333	0.398366667	0.449516667
0.519	0.362516667	0.445966667
0.567616667	0.36395	0.4112
0.57225	0.371516667	0.406366667
0.531066667	0.380466667	0.412333333
0.574116667	0.378816667	0.38155
0.569666667	0.41145	0.374683333
0.5436	0.4067	0.3964
0.5409	0.441266667	0.368016667
0.52145	0.467366667	0.3208
0.55825	0.515633333	0.318133333
0.706916667	0.5143	0.317316667
0.723366667	0.449133333	0.308783333
0.7063	0.451016667	0.2571
0.59065	0.437216667	0.22125
0.62015	0.436816667	0.216283333
0.630916667	0.390483333	0.213616667
0.6723	0.380166667	0.317466667
0.6229	0.3591	0.318983333
0.607666667	0.3581	0.313083333
0.619866667	0.324583333	0.279633333
0.585616667	0.324716667	0.282683333
0.565983333	0.322566667	0.222683333
0.55485	0.355633333	0.221933333
0.58605	0.286266667	0.22225
0.67415	0.28405	0.218583333
0.66995	0.3704	0.25695
0.646183333	0.3743	0.256716667
0.605016667	0.373016667	0.295933333
0.6039	0.35535	0.324316667
0.603166667	0.35665	0.371983333
0.601833333	0.3635	0.3698
0.612616667	0.349633333	0.4254
0.61135	0.343733333	0.383833333
0.61865	0.392066667	0.38855
0.6184	0.3968	0.35685
0.657116667	0.4052	0.389
0.592733333	0.410016667	0.37265
0.63805	0.4096	0.373516667
0.579783333	0.404616667	0.366283333
0.5664	0.404133333	0.367516667
0.61065	0.402366667	0.401433333
0.61165	0.394733333	0.398183333
0.635083333	0.423033333	0.4716
0.641633333	0.426333333	0.528783333
0.621483333	0.429633333	0.5649
0.61105	0.434666667	0.4814
0.6312	0.433366667	0.5104
0.636933333	0.429033333	0.439916667
0.670416667	0.469766667	0.42915
0.6761	0.379083333	0.399783333
0.672666667	0.379566667	0.400333333
0.635916667	0.411633333	0.313566667
0.674333333	0.421583333	0.322483333
0.672616667	0.426866667	0.324566667
0.670266667	0.421866667	0.27925
0.689033333	0.4202	0.359566667
0.677516667	0.457716667	0.359566667
0.641716667	0.462116667	0.39565
0.663416667	0.465616667	0.367933333
0.6573	0.465516667	0.367383333
0.660433333	0.457716667	0.286433333
0.666533333	0.424833333	0.287866667
0.544083333	0.3894	0.293266667
0.563133333	0.376366667	0.2672
0.530516667	0.384566667	0.263616667
0.484383333	0.29125	0.266283333
0.463233333	0.298716667	0.232383333
0.43575	0.304833333	0.2731
0.438733333	0.30505	0.264083333
0.477033333	0.300833333	0.2554
0.472633333	0.292183333	0.3256
0.473983333	0.288733333	0.32525
0.5002	0.3743	0.317483333
0.542583333	0.374216667	0.2877
0.631383333	0.35195	0.281816667
0.627133333	0.350866667	0.28025
0.638966667	0.40405	0.374233333
0.6501	0.412766667	0.375816667
0.65015	0.41285	0.349716667
0.6644	0.407483333	0.31375
0.63705	0.413166667	0.31305
0.646566667	0.417116667	0.3503
0.662816667	0.420833333	0.419716667
0.668766667	0.4288	0.417416667
0.6754	0.467033333	0.4024
0.671966667	0.57525	0.4548
0.75515	0.57895	0.4269
0.76155	0.506983333	0.409733333
0.691416667	0.500033333	0.386033333
0.56955	0.491083333	0.382583333
0.585716667	0.4962	0.328516667
0.611983333	0.502616667	0.32875
0.646183333	0.492933333	0.344633333
0.770916667	0.501533333	0.397983333
0.68825	0.58425	0.42715
0.7049	0.575616667	0.4063
0.579233333	0.57745	0.406416667
0.583566667	0.535116667	0.406283333
0.6075	0.5631	0.417383333
0.605583333	0.557866667	0.384433333
0.658333333	0.555516667	0.38395
0.637833333	0.526133333	0.32235
0.603583333	0.5527	0.38715
0.601583333	0.558116667	0.423133333
0.55525	0.5557	0.45845
0.561933333	0.49645	0.368
0.54575	0.48415	0.327566667
0.600216667	0.486783333	0.298483333
0.602183333	0.48795	0.2904
0.5996	0.4802	0.298666667
0.572983333	0.511516667	0.302866667
0.571166667	0.479683333	0.336466667
0.525116667	0.502583333	0.419483333
0.498566667	0.4692	0.369466667
0.50165	0.473816667	0.295983333
0.494516667	0.5109	0.26905
0.491966667	0.448	0.305166667
0.469083333	0.4471	0.302066667
0.469733333	0.41525	0.302533333
0.475416667	0.407433333	0.258916667
0.482783333	0.406983333	0.2037
0.468283333	0.484533333	0.208316667
0.511516667	0.4991	0.218333333
0.498133333	0.496133333	0.264516667
0.542416667	0.458333333	0.270733333
0.5427	0.435583333	0.374566667
0.536416667	0.435816667	0.351883333
0.499166667	0.40425	0.349833333
0.50325	0.431083333	0.321566667
0.617133333	0.491716667	0.307566667
0.693933333	0.567133333	0.309733333
0.717966667	0.583583333	0.317633333
0.70535	0.5761	0.306416667
0.707583333	0.651766667	0.3132
0.687383333	0.593716667	0.313633333
0.775533333	0.570016667	0.30975
0.787866667	0.378583333	0.321216667
0.779833333	0.392966667	0.391016667
0.785383333	0.3835	0.395766667
0.785583333	0.487383333	0.470866667
0.816416667	0.490266667	0.395016667
0.852083333	0.495983333	0.47665
0.867566667	0.595666667	0.459433333
0.8209	0.596533333	0.501066667
0.783383333	0.616766667	0.472733333
0.81355	0.510416667	0.479566667
0.862566667	0.529766667	0.391633333
0.914083333	0.523916667	0.383116667
0.91575	0.521766667	0.387533333
0.832033333	0.550833333	0.420366667
0.811316667	0.527183333	0.440583333
0.793566667	0.5108	0.4688
0.840766667	0.54255	0.466483333
0.836516667	0.544216667	0.525383333
0.753566667	0.572366667	0.574983333
0.724616667	0.549116667	0.55785
0.739783333	0.564733333	0.599883333
0.76545	0.558583333	0.583783333
0.731216667	0.597466667	0.522733333
0.685066667	0.5595	0.4801
0.718633333	0.5595	0.479
0.760633333	0.577533333	0.509116667
0.81125	0.685266667	0.532783333
0.793616667	0.753316667	0.53365
0.801816667	0.9589	0.538183333
0.8324	0.9222	0.4991
0.910133333	0.877616667	0.4989
0.878833333	0.7388	0.496033333
0.829383333	0.700733333	0.46855
0.945133333	0.65145	0.535
0.965866667	0.655933333	0.551466667
0.991283333	0.731683333	0.569533333
0.884383333	0.736016667	0.566166667
0.866033333	0.80845	0.59055
0.834633333	0.7743	0.4996
0.847966667	0.8128	0.464766667
0.8956	0.8697	0.477916667
0.8515	0.889666667	0.479883333
0.869216667	0.820283333	0.587866667
0.87105	0.820066667	0.634333333
0.914983333	0.806216667	0.648366667
0.937916667	0.758366667	0.625966667
0.999933333	0.7099	0.70645
1.00635	0.704916667	0.62595
1.04275	0.7009	0.54035
0.898666667	0.728883333	0.397716667
0.886416667	0.755716667	0.413366667
0.969516667	0.73325	0.396966667
0.965033333	0.740283333	0.424583333
0.95795	0.704433333	0.465166667
1.082366667	0.7821	0.473383333
1.129216667	0.7495	0.448116667
1.071333333	0.759966667	0.514066667
0.934766667	0.711216667	0.574516667
0.893733333	0.71155	0.539483333
0.865266667	0.727783333	0.529083333
0.813583333	0.705916667	0.556816667
0.823016667	0.6987	0.5726
0.809716667	0.66225	0.574666667
0.89735	0.598233333	0.557966667
0.908133333	0.611266667	0.542883333
1.009083333	0.632933333	0.5389
1.044283333	0.660483333	0.575516667
1.091066667	0.9351	0.573566667
1.0257	1.021283333	0.59645
0.990466667	1.026866667	0.629733333
1.01945	0.716916667	0.713116667
1.050583333	0.65875	0.704283333
1.041933333	0.72555	0.669483333
0.987683333	0.701966667	0.625716667
0.975616667	0.7535	0.628633333
0.971366667	0.668033333	0.695166667
0.952533333	0.656416667	0.701083333
1.01345	0.654666667	0.70505
0.975483333	0.686166667	0.652416667
1.013716667	0.680783333	0.6145
1.025966667	0.634833333	0.61705
1.020366667	0.6223	0.620183333
0.954333333	0.63105	0.606166667
0.862833333	0.6383	0.6202
0.860116667	0.644733333	0.622016667
0.799466667	0.6463	0.661283333
0.8382	0.660733333	0.690683333
0.8188	0.65915	0.6837
0.865366667	0.61965	0.669966667
0.873516667	0.60055	0.743266667
0.955666667	0.6027	0.697983333
0.9555	0.629783333	0.60015
0.912366667	0.6243	0.601083333
0.940316667	0.662066667	0.691433333
0.903633333	0.6983	0.736316667
0.903266667	0.69595	0.71505
0.845233333	0.7764	0.691483333
0.775183333	0.780333333	0.659633333
0.83095	0.807533333	0.65785
0.8585	0.75935	0.6573
0.899416667	0.718883333	0.64475
0.90735	0.676516667	0.676716667
0.889033333	0.7105	0.636666667
1.173	0.70875	0.657716667
1.174866667	0.761133333	0.62835
1.20375	0.819466667	0.626283333
0.969066667	0.850983333	0.6515
0.97405	0.726733333	0.763016667
0.9373	0.693666667	0.8091
0.9057	0.90475	0.66765
0.977916667	0.95575	0.60205
0.9702	0.969066667	0.777383333
1.002883333	0.743816667	0.79995
0.987683333	0.699183333	0.7785
1.118466667	0.6683	0.614133333
1.123883333	0.7324	0.605283333
1.159183333	0.773616667	0.678816667
1.243283333	0.81295	0.723316667
1.257466667	0.735616667	0.720883333
1.228383333	0.779583333	0.733166667
1.349766667	0.73895	0.741716667
1.312583333	0.737183333	0.774066667
1.313633333	0.80535	0.789383333
1.344716667	0.809316667	0.77475
1.305333333	0.803966667	0.817066667
1.316916667	0.73905	0.812516667
1.18295	0.76905	0.746783333
1.1741	0.770916667	0.8818
1.250533333	0.822916667	0.90035
1.2856	0.87125	0.92555
1.134316667	0.8694	0.711233333
1.159933333	0.833183333	0.6927
1.243233333	0.720783333	0.66715
1.2078	0.822583333	0.746116667
1.134866667	0.817783333	0.761066667
1.117266667	0.812583333	0.760233333
1.04445	0.789816667	0.6533
1.040583333	0.793333333	0.6333
1.02045	0.795416667	0.695283333
1.025366667	0.76395	0.6935
1.06065	0.8466	0.612583333
1.108266667	0.830316667	0.639316667
1.107766667	0.822216667	0.6325
1.064216667	0.832483333	0.574683333
1.023783333	0.838183333	0.532233333
0.985883333	0.81965	0.55125
1.0334	0.782083333	0.5417
1.04155	0.862966667	0.548316667
1.078633333	0.8492	0.560516667
1.0319	0.775233333	0.586033333
1.021783333	0.930466667	0.5988
1.052716667	0.9297	0.558016667
1.034833333	0.96125	0.610266667
1.031133333	1.0289	0.61735
1.00415	1.06645	0.5632
1.03475	1.083066667	0.549883333
1.0446	0.946633333	0.593916667
1.1563	1.0711	0.58675
1.24865	1.08445	0.648316667
1.226033333	1.121266667	0.682516667
1.2835	1.270566667	0.675283333
1.33035	1.2554	0.730283333
1.283883333	1.305166667	0.685733333
1.340683333	1.080766667	0.679833333
1.376466667	1.0799	0.698166667
1.411	1.089333333	0.667766667
1.587566667	1.137233333	0.691316667
1.608083333	1.221383333	0.6734
1.56885	1.246916667	0.675283333
1.3907	1.144833333	0.6337
1.398516667	1.16585	0.643016667
1.36625	1.155466667	0.65115
1.385666667	1.169133333	0.6216
1.375216667	1.13225	0.600316667
1.351566667	1.134766667	0.633233333
1.331366667	1.135833333	0.695466667
1.273233333	1.099816667	0.893166667
1.140416667	1.0484	0.829866667
1.215716667	1.102783333	0.764666667
1.208433333	1.045016667	0.560316667
1.202583333	1.048266667	0.717733333
1.0988	1.003266667	0.821966667
1.12885	0.976633333	0.830733333
1.1505	0.972133333	0.673283333
1.082783333	0.982566667	0.832966667
1.13735	0.98275	0.84775
1.209933333	0.961666667	0.9007
1.176016667	0.879983333	0.8045
1.198433333	0.914283333	0.862883333
1.1508	0.986666667	0.90565
1.134933333	0.985983333	0.882916667
1.049516667	1.035433333	0.776266667
1.047966667	1.0108	0.694366667
1.025583333	1.020966667	0.692166667
1.160366667	1.038733333	0.694466667
1.208183333	1.01295	0.696333333
1.192183333	0.994533333	0.75195
1.201766667	0.9601	0.702816667
1.177283333	0.95585	0.76915
1.14785	0.9884	0.694483333
1.16035	0.996083333	0.769683333
1.280583333	1.046516667	0.812266667
1.332666667	1.007016667	0.8049
1.330616667	0.995383333	0.784316667
1.226533333	0.994716667	0.741783333
1.226983333	1.000783333	0.76635
1.245033333	0.977316667	0.716
1.171816667	0.929433333	0.723866667
1.186916667	0.922733333	0.731833333
1.124233333	0.917816667	0.773966667
1.236	0.871133333	0.814633333
1.3189	0.88085	0.887216667
1.308983333	0.94935	0.97645
1.215966667	1.007333333	0.971166667
1.173483333	0.9262	0.904883333
1.2386	0.954133333	0.88535
1.155883333	0.9526	0.87245
1.1341	0.9432	0.883333333
1.080116667	0.855533333	0.96515
1.093533333	0.879816667	0.9817
1.12985	0.907833333	1.0557
1.310566667	0.899933333	0.99635
1.30485	0.896333333	1.043616667
1.3651	0.894133333	0.996466667
1.21645	0.872566667	1.0037
1.242366667	0.985416667	0.978483333
1.201566667	0.975783333	0.975133333
1.174333333	0.954966667	0.982983333
1.146366667	0.861166667	1.025233333
1.155	0.9152	1.067666667
1.067883333	0.9226	0.995716667
0.984483333	0.9579	0.910433333
0.992183333	0.94955	0.89135
0.951966667	0.90665	1.073083333
0.979666667	0.878483333	1.039716667
0.913433333	0.894233333	1.0604
0.921716667	0.900633333	0.843483333
0.91625	0.9995	0.8207
0.87125	1.0065	0.837133333
0.863333333	1.010166667	0.98685
0.901816667	1.048583333	0.995416667
0.882333333	1.068	0.968183333
0.8483	1.048766667	0.942633333
0.937283333	1.037166667	0.944116667
0.964716667	1.06735	0.945116667
0.9581	0.957	0.983566667
1.0025	0.973966667	0.989266667
1.129333333	0.974066667	0.958116667
1.145583333	0.980616667	0.92965
1.21905	0.961733333	0.96755
1.174	0.9265	0.9319
1.349216667	0.926183333	0.965
1.321566667	0.935733333	0.9069
1.32755	0.991616667	0.917133333
1.166416667	1.13635	0.960583333
1.130916667	1.122183333	0.953283333
1.096266667	1.12245	0.945966667
1.1335	1.009316667	0.955866667
1.143433333	1.005083333	1.009766667
1.1099	1.039383333	0.943283333
1.130416667	1.03745	0.9213
1.107216667	1.104183333	0.917183333
1.16005	1.031183333	0.931883333
1.250716667	0.976633333	0.89205
1.344733333	0.938016667	0.942616667
1.268583333	0.948633333	0.954533333
1.252483333	0.96125	1.09765
1.08285	0.931333333	1.128033333
1.122066667	1.097116667	1.096016667
1.153733333	1.086366667	0.941116667
1.159033333	1.11095	0.9464
1.08635	0.93955	1.0332
1.021916667	0.97345	0.964133333
1.04865	0.9282	1.0617
1.179283333	0.928316667	1.0394
1.1752	0.942516667	1.048716667
1.177533333	0.95175	1.0322
1.03645	0.910433333	1.251966667
0.990183333	0.917933333	1.368833333
0.96015	0.989983333	1.3036
0.92665	0.983216667	1.139233333
1.076483333	0.98605	1.0025
1.078	1.134383333	1.0146
1.03795	1.168633333	1.029383333
0.901783333	1.16825	0.97295
0.957933333	1.18905	1.022416667
0.929666667	1.16875	1.02415
0.892466667	1.199733333	1.009516667
0.89285	1.162683333	0.934633333
0.892333333	1.1725	0.916716667
0.916366667	1.1579	0.913716667
1.002116667	1.189466667	0.947083333
1.047866667	1.163933333	0.944383333
1.000066667	1.122966667	0.994333333
0.9687	1.1051	1.24115
1.059583333	1.116733333	1.289516667
1.09295	1.166233333	1.4149
1.274183333	1.154483333	1.344433333
1.090816667	1.162066667	1.346233333
1.08665	1.138766667	1.1753
0.907183333	1.140266667	1.073166667
0.865	1.1424	1.064683333
0.87185	1.029	1.056516667
0.869583333	1.025916667	1.137966667
0.87975	1.06915	1.1578
0.855416667	1.109483333	1.072483333
0.864483333	1.081966667	1.1958
0.865133333	1.074066667	1.17895
0.973533333	1.15775	1.139866667
1.014133333	1.071183333	1.355483333
1.0035	1.059666667	1.340616667
0.971116667	1.058533333	1.38255
0.944983333	1.2011	0.995716667
0.973466667	1.2027	1.022083333
0.971	1.219666667	0.984733333
1.009	1.074133333	1.009666667
0.999683333	1.019283333	0.931366667
1.0456	1.030683333	0.91455
1.009983333	1.1709	0.885466667
0.998116667	1.1456	0.883766667
1.025983333	1.18155	0.97115
1.0895	1.044466667	1.00605
1.149116667	1.086133333	1.0258
1.099916667	1.080783333	1.07425
1.1558	1.105166667	1.040533333
1.131966667	1.08305	1.075183333
1.1659	1.081533333	1.041666667
1.127833333	1.041666667	1.0796
1.06665	0.997533333	1.07165
1.105266667	1.014916667	1.156866667
1.14685	1.014816667	1.0888
1.120416667	1.10325	1.0908
1.1128	1.1064	1.0338
1.0942	1.158333333	0.9861
1.142216667	1.073933333	1.233483333
1.135883333	1.03915	1.24815
1.15095	1.188916667	1.237433333
1.2161	1.2409	1.22905
1.189133333	1.371533333	1.21225
1.191716667	1.330516667	1.258283333
1.068566667	1.3619	1.098733333
1.060016667	1.181233333	1.095016667
1.091716667	1.21035	0.986566667
1.106533333	1.2181	0.9282
1.117966667	1.258033333	0.875633333
1.133483333	1.18355	0.87695
1.239266667	1.2817	0.83835
1.267	1.166966667	0.8619
1.22205	1.179083333	0.86655
1.044316667	1.11775	0.879766667
0.989083333	1.115583333	0.836666667
1.106283333	1.132716667	0.845633333
1.18195	1.130766667	0.85045
1.196816667	1.1652	0.897683333
1.027866667	1.344833333	0.860433333
0.995683333	1.35055	0.860883333
1.0055	1.2272	0.8519
1.0085	1.047133333	0.891983333
0.997733333	1.026483333	1.110583333
1.024766667	1.029566667	1.087433333
1.0751	0.951483333	1.141716667
1.0624	0.911366667	0.9729
1.134383333	0.862016667	0.920216667
1.170416667	0.86335	1.143016667
1.160633333	0.868633333	1.151516667
1.165466667	0.87875	1.14045
1.119116667	0.903216667	1.021733333
1.080916667	0.89235	1.133933333
0.971766667	0.932383333	1.112816667
0.973533333	0.904283333	1.137266667
0.9969	0.890766667	1.038716667
1.032216667	0.90405	1.007366667
1.027	0.908516667	0.9788
0.978683333	0.911983333	1.037016667
0.937883333	0.859433333	1.040183333
0.969466667	0.929066667	1.07375
0.95055	1.016466667	1.0313
0.954483333	1.02135	1.042916667
0.9341	0.988166667	0.912166667
0.929216667	0.858833333	0.905483333
0.979866667	0.977683333	0.89145
0.972516667	0.972783333	0.892683333
0.9636	1.014716667	0.891233333
0.947766667	1.0359	0.838233333
0.990733333	0.994933333	0.9248
0.972583333	0.974533333	0.911183333
0.948533333	0.851416667	0.895816667
0.926216667	0.98255	0.857566667
0.959916667	0.9649	0.997833333
0.981983333	0.976233333	0.899533333
1.23265	0.878433333	0.9361
1.2928	0.867483333	0.801466667
1.2635	0.882733333	0.874766667
1.054533333	0.8397	0.844216667
1.04935	0.823966667	1.1619
1.056766667	0.830966667	1.195483333
1.0489	0.832216667	1.214866667
1.0343	0.845566667	0.820266667
1.129716667	0.82725	0.875816667
1.159433333	0.86595	0.8365
1.122266667	0.769216667	1.009766667
1.132783333	0.794916667	1.039233333
1.05105	0.804216667	1.087516667
1.192883333	0.84105	0.913966667
1.208266667	0.856816667	0.89585
1.251483333	0.84765	1.028816667
1.045966667	0.77955	1.038016667
1.04955	0.766666667	0.984416667
0.998883333	0.789783333	0.83575
0.98115	0.7776	0.806133333
1.02135	0.775183333	0.8923
0.97975	0.7355	1.27825
0.9826	0.8269	1.2843
0.92775	0.854183333	1.2418
0.944733333	0.8472	0.872866667
0.9949	0.8515	0.829166667
1.044883333	0.817316667	0.85435
1.003766667	0.839566667	0.83755
0.931666667	0.855933333	0.869883333
0.93305	0.850516667	0.880366667
0.9719	0.971133333	1.05345
0.949	0.96765	1.0632
0.925633333	0.962766667	1.160383333
0.907083333	0.897	0.989866667
0.946016667	1.077516667	0.964283333
0.994216667	1.08525	0.860616667
0.959016667	0.979683333	0.855033333
0.91155	0.779683333	0.857216667
0.90265	0.742866667	0.8378
0.888766667	0.8427	0.848783333
0.88425	0.790783333	0.880883333
0.902166667	0.750166667	0.815983333
0.9434	0.886533333	0.821833333
0.940166667	0.902283333	0.743166667
0.926916667	0.906233333	0.743883333
1.033216667	0.769283333	0.748333333
0.863516667	0.620266667	0.73865
0.9259	0.656883333	0.755366667
0.79585	0.63765	0.760066667
0.790866667	0.635683333	0.789366667
0.66005	0.746783333	0.7667
0.86735	0.752683333	0.763233333
1.033116667	0.75445	0.773966667
1.03625	0.619933333	0.763466667
0.943516667	0.620533333	0.813983333
0.762916667	0.653816667	0.778133333
0.6737	0.527233333	0.807766667
0.693883333	0.52595	0.806533333
0.677666667	0.517466667	0.791433333
0.6742	0.5481	0.686916667
0.642466667	0.555833333	0.69015
0.656416667	0.581166667	0.6849
0.693883333	0.541616667	0.859333333
0.698166667	0.528383333	0.853483333
0.706116667	0.514083333	0.895233333
0.70555	0.5115	0.705366667
0.765166667	0.505616667	0.67045
0.766133333	0.5162	0.658666667
0.727816667	0.514816667	0.6495
0.592233333	0.5218	0.742833333
0.592033333	0.5212	0.737483333
0.528466667	0.5128	0.73765
0.526483333	0.5042	0.7354
0.534816667	0.4957	0.767183333
0.475416667	0.513783333	0.795
0.476833333	0.580933333	0.789766667
0.4651	0.576666667	0.7407
0.48765	0.54765	0.703933333
0.484933333	0.510416667	0.707466667
0.4884	0.54	0.661733333
0.512766667	0.57055	0.616433333
0.471466667	0.6481	0.6134
0.481116667	0.62125	0.759916667
0.490683333	0.64965	0.78695
0.535233333	0.647116667	0.777933333
0.52745	0.80445	0.58895
0.423033333	0.717766667	0.490733333
0.45645	0.6955	0.4763
0.5067	0.535416667	0.469233333
0.507833333	0.536483333	0.508583333
0.504933333	0.5733	0.5155
0.508283333	0.577133333	0.521883333
0.512716667	0.57855	0.526083333
0.513133333	0.539883333	0.515316667
0.512766667	0.543433333	0.476916667
0.531116667	0.48575	0.48505
0.485833333	0.4804	0.493083333
0.487416667	0.48345	0.5412
0.470033333	0.474216667	0.546083333
0.5197	0.475533333	0.541533333
0.715566667	0.466833333	0.563466667
0.71805	0.4588	0.56165
0.746016667	0.4592	0.702133333
0.723116667	0.453166667	0.73295
0.707116667	0.416333333	0.769633333
0.625783333	0.562316667	0.595383333
0.42545	0.50785	0.5067
0.391216667	0.5009	0.5523
0.384566667	0.3477	0.55405
0.414433333	0.356533333	0.555966667
0.419283333	0.353616667	0.488466667
0.421783333	0.38655	0.4963
0.391133333	0.389183333	0.49125
0.381933333	0.3889	0.4894
0.37755	0.344316667	0.490733333
0.383766667	0.344133333	0.4955
