Th. Winter	Th. Intermediate	Th. Summer
0.438959385	2.180853832	1.949854969
0.728818984	2.000449951	1.814374394
0.72882905	1.816492146	1.451878442
1.089447044	1.816497094	1.451882371
1.45195121	1.816502014	1.451886184
1.451955269	1.452009395	1.451889888
1.29294193	1.452010786	1.451893487
1.112122625	1.452012089	1.089396986
1.089048652	1.089513415	1.089400388
1.0890513	1.089514761	1.089403698
0.970397083	1.322370409	1.003334858
0.730472356	1.310909255	0.385762765
0.585536338	1.309129039	0.339041853
0.49467848	1.307418057	0.33627038
0.223773356	1.305773671	0.329853808
0.222249377	1.304193264	0.220128159
0.583285206	1.195431343	0.767821865
0.581878541	1.194682035	0.581272908
0.580527165	1.19396191	0.579711234
0.579228948	1.175518747	0.578197318
0.577981841	1.058355574	0.57674782
0.857796029	0.70136818	0.575365517
0.577422753	0.698880878	0.574035872
0.469295789	0.696490427	0.469011003
0.468778669	0.469249953	0.364456233
0.468282489	0.444877498	0.364458252
0.352002981	0.331656809	0.324677909
0.150614801	0.329509913	0.112957803
0.118322981	0.327446829	0.111935687
0.117417937	0.325495356	0.11092771
0.116548297	0.32362019	0.109957918
0.177319763	0.321818492	0.001968548
0.11695761	0.381449183	0.364469891
0.478689381	0.320494998	0.364471202
0.47795157	0.31893086	0.364472046
0.477243034	0.380330652	0.364472878
0.538472973	0.363761472	0.364473534
0.57335403	0.221553213	0.364474349
0.372320293	0.220529641	0.159225325
0.974640189	0.116030162	0.003847242
0.872699895	0.115542947	0.366348322
0.512088674	0.115075058	0.366344078
0.375456247	0.114625499	0.255910629
0.026706546	0.47669384	0.005413736
0.071010229	0.123683726	0.118631705
0.018571877	0.012321662	0.009077336
0.018591793	0.012330219	0.009081871
0.018611743	0.012338288	0.009086596
0.018632162	0.012346297	0.009091495
0.018652857	0.012354964	0.009096245
0.018673554	0.012363567	0.009101151
0.018694404	0.012371985	0.009105926
0.018714096	0.012380575	0.009110906
0.433733917	0.01238908	0.00911677
0.381254027	0.012397554	0.009122663
0.381274287	0.012405739	0.0091282
0.486294974	0.012413958	0.009133819
0.381315354	0.012422097	0.009139061
0.381335835	0.01243016	0.009144385
0.381355966	0.012438146	0.009143992
0.381376188	0.012445813	0.009143852
0.381397098	0.012453866	0.009144528
0.381417581	0.012461676	0.00915152
0.381438223	0.012469415	0.009158493
0.343641453	0.012477085	0.009164606
0.136589296	0.012484395	0.009170671
0.135517214	0.012491645	0.009176308
0.134487407	0.012498561	0.180681962
0.133500352	0.375005701	0.009187592
0.284789558	0.375013357	0.00919323
0.133365767	0.737520933	0.00919262
0.13248576	0.73752843	0.059358616
0.131652352	0.737536244	0.009191677
0.569186539	0.737543517	0.009198036
0.588100673	0.737550984	0.009203865
0.411598644	1.100058363	0.0092101
0.31971861	1.100065241	0.00921629
0.606499649	1.100072055	0.009222325
0.491523172	1.100079137	0.009228961
0.496549812	1.100086143	0.00923598
0.516268108	0.879416164	0.009242753
0.197472881	0.840901403	0.009249758
0.235512545	0.97573411	0.009256668
0.026201719	0.973857773	0.009263486
0.026216083	1.130935195	0.009270064
0.02623105	0.971481259	0.009276561
0.026246902	0.96960335	0.009283412
0.026262835	0.967798735	0.009290171
0.026279914	0.966058503	0.009296838
0.197798424	0.964385784	0.009303712
0.026317491	0.76377462	0.009310487
0.026338172	0.713646632	0.009317154
0.02635932	0.490910969	0.009323715
0.13138062	0.490012219	0.009330501
0.140735273	0.262693949	0.009337285
0.026423309	0.245079219	0.009343957
0.131445153	0.24323504	0.009350842
0.026466581	0.24146221	0.009357075
0.026907117	0.239758127	0.009363211
0.0285395	0.13146243	0.009369252
0.142894601	0.130566218	0.009375023
0.028577198	0.129705546	0.009380711
0.028594394	0.128878882	0.009386364
0.028611718	0.128084913	0.00939195
0.39113453	0.127322765	0.00939667
0.391157621	0.489090871	0.009401534
0.443680488	0.488387939	0.036389413
0.753703489	0.487712949	0.011039513
0.75372628	0.487065114	0.011044708
0.753748305	0.486443053	0.011044386
0.753770487	0.485845644	0.373543951
0.753792384	0.485272216	0.373544071
0.911313865	0.484721357	0.373549539
0.753835298	0.484192572	0.373554581
0.753856621	0.483685267	0.37355967
0.753878472	0.483197987	0.373564695
0.649843983	0.482729904	0.73606967
0.516588031	0.221795511	0.736074598
0.515513388	0.136890625	0.736079479
0.476220715	0.135799969	0.736084506
0.278415247	0.134714727	0.736089753
0.637025147	0.133671958	0.736095268
0.635021803	0.493062541	0.529654987
0.515927802	0.49209921	0.491749743
0.514941125	0.491174008	0.490601975
0.51399292	0.490279764	0.489498369
0.513081925	0.691790588	0.488436786
0.714576966	0.934558553	0.537582717
0.537663792	0.850307594	0.308055421
0.510559684	0.849550834	0.242230565
0.509783967	0.848823656	0.240207709
0.509042862	0.848124839	0.296229317
0.508330887	0.847453492	0.238355598
0.401113297	0.846807231	0.236557183
0.268491565	1.159048799	0.234828013
0.266684739	0.970802866	0.120076735
0.264960164	0.969059584	0.119380109
0.46564384	0.967384154	0.481210314
0.177479518	0.965807973	0.480566318
0.394170368	0.868401878	0.480660363
0.395030683	0.72260757	0.843718627
0.39628892	0.720061442	0.843147352
0.396312856	0.717651418	0.842598291
0.396336652	0.715297641	0.842070754
0.510693008	0.713076234	0.842369981
0.303346648	0.450189403	0.84311462
0.146970885	0.351770914	0.84268196
0.146208371	0.349587735	0.842266132
0.035480743	0.347490218	0.842571599
0.035493093	0.245182543	0.656196239
0.036188726	0.244062324	0.599238727
0.03758984	0.244011821	0.761798359
0.398471501	0.242505188	0.786315879
0.398483667	0.241058304	0.714348471
0.398496249	0.239668976	1.07443929
0.398510298	0.440704842	1.243623142
0.398524486	0.210459998	1.069896453
0.761039164	0.126416699	1.067755682
0.761054281	0.125860217	0.965889621
0.761070209	0.018194392	0.589316132
0.761086932	0.018198423	0.950794034
0.812983897	0.018203271	0.718749763
0.685978462	0.018208985	0.588015952
0.513665037	0.200218245	0.479910849
0.512881947	0.018227261	0.479699711
0.512110195	0.018236241	0.479496782
0.62669508	0.018245341	0.479296729
0.512725093	0.379009419	0.479104143
0.512043152	0.37900976	0.478918965
0.511390091	0.379010805	0.480172259
0.303955631	0.379018237	0.38651527
0.636040727	0.351796532	0.386523029
0.634352035	0.018290241	0.142640478
0.632749842	0.018301865	0.141287614
0.631211026	0.018313454	0.140224295
0.629733455	0.018325367	0.140724591
0.628316479	0.018337287	0.139838011
0.626953204	0.018349205	0.138892925
0.625651921	0.018361114	0.137985132
0.520551012	0.018373227	0.499613147
0.519753522	0.01838601	0.498775344
0.518989136	0.018398288	0.497970121
0.623255506	0.018410694	0.4971961
0.517551306	0.018423053	0.496452354
0.284301124	0.018435457	0.495737042
0.164326718	0.018447804	0.495050035
0.365588945	0.018460575	0.494389424
0.188452947	0.380973144	0.493754718
0.161136076	0.743485008	0.49314495
0.160156498	0.743496927	0.492559398
0.159215947	0.7435088	0.430284738
0.158431124	0.743521356	0.609548496
0.521615867	0.744967918	0.972200862
0.520804394	0.745625927	0.970641163
0.520025462	0.745638717	0.969142127
0.881777346	0.745651871	0.967701546
0.881059032	1.108164138	0.966316134
1.129510312	1.108175861	0.964984729
1.12953272	1.108187523	0.963705538
1.129555456	0.931838166	0.962476467
1.1295783	0.696115327	0.961294659
1.234601005	0.627748367	0.96015912
1.129624121	0.625703371	0.959067587
1.129647326	0.623737711	0.648665999
1.129670571	0.621848382	0.463215541
1.025260978	0.620031968	0.363195795
1.25855793	0.618286488	0.360569926
1.257408903	0.459831376	0.718879498
1.087423375	0.371036559	0.716454655
0.959831659	0.368523098	0.610248037
0.777703697	0.366108055	0.971013923
0.774079712	0.363786737	0.862232077
0.770607561	0.251511687	0.751312944
0.767270172	0.249947517	0.751318302
0.764440704	0.248444855	0.751323471
0.761713965	0.247001	0.751335215
0.759082287	0.245614135	0.751346293
1.119019783	0.132018692	0.751357547
1.116541161	0.020931216	0.751368729
0.922087781	0.020943296	0.665350546
0.763169349	0.020955256	0.508207863
0.760629015	0.020966962	0.507083101
1.11915267	0.020978551	0.406403335
1.116813237	0.020990023	0.263670138
1.003985037	0.021001379	0.261500775
0.890413125	0.021013276	0.259414838
0.889462194	0.021025037	0.257397321
0.888547906	0.021036657	0.255469313
0.887668669	0.021048142	0.253615469
0.934615838	0.383559497	0.251832762
0.810748164	0.384129562	0.25011846
0.652083292	0.385556698	0.248446358
0.385700803	0.385568679	0.139935858
0.287929632	0.385580525	0.139084522
0.288042253	0.385592239	0.138266954
0.287763142	0.385604186	0.137481518
0.893783941	0.385615997	0.136727568
0.892823928	0.092551956	0.136003146
0.891901888	0.024997356	0.135306607
0.891015875	0.025009217	0.497178203
0.890165088	0.025019657	0.390448339
0.889348191	0.02503004	0.390454871
0.888564237	0.025040368	0.390461972
0.887811409	0.02505053	0.390469329
0.88708818	0.025060641	0.390477019
1.24675669	0.025070719	0.504817807
0.960011697	0.025080872	0.390492562
1.130833617	0.387590589	0.39049441
1.062207797	0.573449888	0.4908289
0.892272625	0.411758887	0.390497281
0.891275591	0.387617888	0.592875918
0.890318076	0.387626616	0.330827827
0.88939802	0.545135352	0.556389244
0.888514272	0.38764376	0.512759172
1.250165684	0.387652017	0.511629373
1.249350386	0.387660292	0.510574459
1.606154035	0.387669477	0.510954735
1.247122442	0.38062579	0.510380168
1.233994577	0.143650559	0.509444697
1.120666752	0.247749795	0.508545763
1.015253021	0.141884834	0.394067027
1.374323439	0.141054112	0.394064266
1.372613901	0.140273591	0.394056095
1.370971037	0.139524089	0.508382908
1.154230024	0.50130419	0.348341145
0.88324745	0.915619162	0.150849053
1.085140693	0.862461044	0.149706673
0.837397863	1.2243292	0.148609174
0.649130824	1.223723059	0.147555025
0.569063082	1.585754935	0.507115421
0.412801099	1.586703022	0.506143346
0.410072844	1.586166587	0.75281923
0.407450946	1.585650933	0.752824812
0.765238876	1.585155366	0.853164783
0.762776314	1.584679243	0.752928372
0.931909375	1.476966387	0.392190676
0.758134739	1.63447634	0.39220106
0.755949385	1.413319967	0.392211159
0.753849847	1.132771003	0.392221564
0.923332404	1.008204127	0.392230697
0.749894569	0.923393821	0.392240766
1.004527048	1.487156375	0.553774558
1.36376363	1.017553116	0.154817029
1.72264701	1.252072691	0.153646695
1.721202477	1.610325204	0.152521796
1.36504758	1.968743141	0.151440402
1.261150473	1.898922353	0.150400668
0.782234113	2.359227899	0.567200487
0.765130409	2.559981742	0.509072059
0.7627693	2.557469673	0.508147465
0.760501585	2.676425244	0.657758569
1.120822042	2.621984045	0.506404289
1.166128774	2.458824008	0.505584436
1.007137953	2.433270288	0.50479605
1.005706206	2.731842768	0.504037531
1.618870141	2.681703104	0.680897389
1.495616532	2.557919393	0.575848581
1.493098409	2.225855443	0.501929607
1.182526584	2.077546612	0.794739145
1.127609576	2.423503183	0.609277146
1.125370564	2.269032242	0.507960648
1.485739218	1.948623671	0.507018426
1.39293804	1.604504737	0.606448909
1.241528115	1.597770172	0.505248196
1.599364638	1.587110661	0.864773551
1.596638053	1.342733867	0.863964735
1.59401805	1.335836794	0.864191679
1.751237576	1.329206959	0.864345005
1.572068251	1.32286852	0.863639791
1.468350044	1.730425654	0.756194146
1.35522381	1.78043105	0.870528489
1.320108218	1.554654686	0.526850964
0.989387925	1.499758833	0.567155151
0.986076043	1.200433682	0.515805265
0.869524689	1.195351316	0.717038297
0.867072603	1.190466436	0.53987275
0.864718809	1.290196175	0.875027251
0.862457828	1.094162988	0.668282126
0.860249935	0.842142155	1.36117921
1.029623143	1.202260475	1.721569028
0.856080307	1.456437267	1.719538977
0.750300075	1.451252849	1.7175863
0.737028585	1.576402693	1.715708618
0.619616936	1.573499323	1.71390369
0.5093883	1.57070916	1.712913059
0.506877995	1.568004422	1.712482294
0.86523026	1.56540457	1.60061185
0.867117399	1.562906134	1.642926796
0.751068389	1.923005391	1.36570419
0.749400924	1.806731267	1.109468336
1.110299675	1.805187992	0.973990482
1.583568848	1.803705172	0.68907247
1.524912234	2.572099287	0.510409308
1.466314352	2.289289962	0.926884427
1.51969429	2.286776232	0.863447761
1.463937152	2.284361049	0.743154953
1.366568175	2.091604808	0.740454251
1.100672561	2.666773861	0.503857588
1.099489757	2.663803476	0.864202889
1.458741216	2.660949218	0.86365465
1.963628086	2.658207059	1.034629386
1.819058451	2.405259032	0.862643434
1.867893104	1.987045278	1.2246765
2.385726356	2.854444701	1.22422751
1.975615032	2.875142242	1.223796033
2.619845688	2.788040166	1.235611152
2.465612005	2.331744028	1.789287562
2.826361413	2.127740146	1.612831622
3.185256358	2.097623069	1.586166848
3.10625813	2.440926728	1.484645955
2.821055207	2.898697272	1.339450373
2.710297534	2.357242885	1.338136652
2.514724364	2.51929392	1.336871645
2.32197613	2.149907554	1.335652698
2.040045525	2.200533666	1.384646661
1.994363921	2.124916114	1.323008545
2.353258336	2.06587772	1.660779292
2.357511193	1.842099566	1.706891888
2.523718336	1.711943553	1.763693563
2.998855877	2.065758385	1.948141671
3.185660964	2.059518533	1.583396418
2.923441441	2.239677482	1.759552957
2.882320307	1.934158962	1.576507158
2.637472878	1.854158269	1.573231698
2.673680396	1.757190812	1.930525818
2.7003229	1.992952383	2.091987871
2.632292467	2.240462429	1.925078678
2.906043699	1.923433565	2.248551049
3.199483527	1.964141579	1.874777995
3.295048184	1.914000542	1.765317715
3.29240406	1.891758769	1.568808184
3.00537049	2.892981887	1.337187433
3.362972214	2.878114272	2.044730289
3.217897194	2.803038222	2.645204816
2.693850534	3.028727014	3.005090812
2.509574464	2.663293044	2.785601697
3.003300628	2.65804795	2.870789209
3.062413305	3.013690669	2.542569704
3.276599749	3.293691725	2.841225099
3.238169875	3.234535238	3.659347803
2.689549349	3.125061301	4.22204205
2.504134319	3.103902174	4.051652267
2.399819365	3.349976352	4.10520261
2.951203658	3.368049735	4.101934099
2.862211406	3.917329268	4.148543051
3.011844106	3.805125626	3.893022454
3.552091801	3.459608452	3.397845336
2.940800518	3.174582277	3.848167258
3.161184708	3.840758005	3.724323707
3.207434435	3.470230759	4.079078269
3.979902229	4.071003848	4.54111847
4.297000347	4.053204996	4.149129019
3.282169344	4.233411917	3.715247436
4.686008048	4.367586322	4.108204163
4.914104941	3.974177503	4.30543026
5.186249044	3.72454503	3.898845516
5.244559314	3.275848635	3.883864611
5.606154779	3.160987128	3.463404507
5.683128725	2.872139609	3.4326358
6.167344147	2.988286146	3.683719623
6.333691739	2.782641138	3.216749102
6.120881722	3.09265831	3.422883287
6.757936918	2.943732526	3.073633832
6.753553677	2.855409752	2.894925064
6.682855437	3.481458764	2.855214316
6.677950076	3.6677688	2.561063814
7.366609909	4.22148993	2.262896849
7.2381894	4.409290131	2.023327345
6.833982785	4.449551272	2.19902952
7.142545345	4.309514373	2.362552697
6.946368821	4.929671711	2.70285604
6.78747974	5.27926159	2.487538631
6.671588767	4.96344013	2.426398217
6.639356576	4.637647636	2.547715549
6.064173045	3.78011328	2.288520294
6.484501023	4.931371049	2.302494069
5.749824398	4.479066052	2.652197299
5.523836402	5.759438086	2.55309406
5.303878938	5.531672646	2.042563768
4.853001383	5.823337437	2.458714965
5.131816749	5.362653512	1.831275008
4.780409402	4.996906711	2.465851223
4.37849784	4.772317722	2.593105821
4.602242129	4.635724346	2.376525122
4.770307867	4.586845546	2.311238051
4.511248154	4.188180828	1.885466487
4.173035256	4.780167573	1.566276646
3.97181228	4.940861463	2.082029865
3.497952534	4.938938669	2.41594066
3.437338121	4.841058429	2.41251229
3.048971308	4.464813747	2.112416929
2.921847449	4.858658564	2.440310569
3.446625305	5.139254474	2.951728624
3.505030394	5.549272984	2.926986208
3.472523366	5.238305142	2.81826081
3.34872154	4.91993502	2.429458851
3.83099202	4.445971888	2.351804974
3.012662746	4.040987699	2.027773128
3.121123504	4.080296029	2.105496774
3.334449182	4.417725592	2.170866508
2.980250764	3.875682906	3.043134781
2.817271933	3.509904272	2.558527514
3.848673078	3.612473669	2.441267737
2.933793006	3.89688559	3.208499882
2.940168602	3.992268437	3.274503035
2.546960195	4.523337381	3.446375048
2.60189352	4.490425546	3.264383161
2.638530217	4.434194495	3.210609384
3.078083868	5.316377059	2.884131591
2.560658293	5.260582756	3.602665712
2.693421578	4.308703057	2.972948833
3.138847392	4.454650356	2.52275743
2.754770515	4.900757763	2.413289134
2.603548516	3.718884451	1.981779712
2.546195368	3.906768878	1.774736819
2.590813774	4.64812634	1.906326487
3.1580463	4.497005807	2.538548267
2.828071332	4.693972905	1.793260284
3.144775908	4.590276899	2.008649004
3.156466306	4.752412127	2.124534122
3.086196868	4.625120036	2.102641736
2.765198127	4.387421771	2.393186328
2.807874287	4.114869627	1.978618846
3.074608987	3.646669286	1.748908142
3.438811329	4.114894285	2.458344419
3.688121703	4.418844952	3.226190133
3.81835986	4.650925543	2.699267716
4.210553513	4.872596746	2.529724372
4.192930941	4.058141366	2.361661105
4.815377965	3.775836998	2.857866152
4.24446	3.923447999	2.900569697
4.514413404	3.391912809	2.904115577
3.61142011	3.357648457	2.840329073
3.871393207	3.902137741	2.978893688
3.355771431	4.02480788	2.933596733
3.629007714	4.111202341	2.743578551
3.566196792	3.250680439	2.595407089
3.453530743	3.002403602	2.750726617
3.20300683	3.724118805	2.412281114
3.027568565	4.677382289	2.585376163
3.89159046	4.700259727	2.287043854
4.097455083	4.764742105	1.893889161
4.135844217	5.140864646	1.256991325
5.022664217	4.261023778	2.638819518
4.446964042	4.56104738	2.132798268
3.696177132	4.912842207	1.467702235
4.000417667	5.288275118	2.522387211
3.522445084	4.468916157	2.374378993
3.479815091	5.396698292	3.156002031
3.419165639	5.428990632	2.661427739
3.165467269	4.9019027	2.806725844
2.77421489	4.747759216	3.404209511
2.558137953	4.426206044	2.795518721
1.834141865	4.693280311	2.135664471
1.821980541	6.262651553	2.228670008
2.342519411	6.928149916	2.030385657
2.6327913	7.219226076	2.621145484
1.917209105	6.92981403	2.955346721
2.530659767	5.202863823	3.225693721
2.393192521	4.910814764	2.473357349
3.143470817	4.152275666	2.171888134
2.936821331	4.245744531	1.652825168
3.087817136	3.876803361	1.506328948
3.567726822	3.762094167	1.989388987
3.413529224	4.020659912	1.985134314
4.574930378	3.113962402	1.518816387
3.459652043	2.915884506	1.006324912
5.250458692	3.308045906	0.669454637
6.408670978	3.180747928	0.210741293
6.230432033	3.867246241	0.687022018
5.772760834	3.463389565	0.60516954
5.117460001	4.3275356	1.097985421
4.019250549	4.331575144	1.28597443
4.043505618	4.201417572	1.422090599
3.391601944	3.549820883	1.345800394
3.538491155	4.107235272	0.893139498
3.362056827	3.893847542	0.75427216
3.022089842	5.424078149	0.606408577
3.487336538	3.752062625	1.072310516
3.505465744	3.658191628	0.85777013
3.201484077	3.499345983	1.168603863
3.000251735	3.227016886	1.293121909
2.954913341	3.218951066	0.900556831
3.863670243	3.17409675	0.797365356
4.288861186	3.097129694	1.386440365
3.990767128	3.55700806	1.247375307
3.96970536	3.469437246	1.428017683
3.491191796	3.305543442	1.36022045
3.316535432	3.336414411	2.055450307
3.298842823	3.881084699	0.59294367
3.267194077	3.527075541	0.315334684
3.106142254	3.111321691	0.527959833
3.571662727	3.612700105	0.629601012
2.903665311	3.619287946	0.229776531
2.945832225	3.0320889	0.077680307
3.389922539	2.996336067	0.449480309
2.947454663	3.010868455	0.462187562
3.272720237	3.005585414	0.553208965
3.334821043	2.413980223	0.644146344
2.291500641	2.612280457	0.454876798
2.797485219	2.137268142	0.626621546
2.538845368	2.053312342	0.838988924
2.73467235	1.966543678	0.177967586
2.795296154	2.211925962	0.3337123
2.093683002	2.626856174	0.438326164
1.895930111	2.992616243	0.574556992
2.693488168	2.631449453	0.816770816
2.352491691	2.828542593	1.227225916
2.927582226	2.712919186	0.990253935
3.618512625	2.741025338	1.339549437
3.282681502	2.652821902	1.88157431
3.436871478	2.64337874	2.242608006
3.276089959	3.098082356	2.283421243
3.354657544	3.09175942	1.731316075
4.049159034	3.663589253	2.22738822
4.385947946	3.559959673	1.94190748
3.982322922	3.515892362	1.672458291
3.848925794	4.170189171	1.566401208
4.202748157	4.141982791	1.877392906
4.056899459	3.824089511	1.502692615
4.422907166	4.829270128	1.649893109
4.167465817	4.360804675	2.118977564
3.645107354	4.200977467	2.104218629
3.340765887	4.946515613	2.457616148
2.685852296	5.038557213	2.211320175
2.890163819	5.016603362	2.078645074
2.865219344	4.715386083	2.056961862
3.031141174	4.473586639	1.774863447
2.150972938	4.063615217	1.11525581
2.41282614	3.965127632	0.540213704
2.403283313	4.34755396	0.580127654
2.159440766	3.964960505	0.799226167
2.12547768	3.281785554	0.220580974
1.99280899	2.782798489	0.418749187
1.973187512	2.652373048	0.616935013
2.495440606	2.67210973	0.971933109
2.296094118	2.594164537	1.719727789
2.343708854	2.431455405	1.824348012
2.511329638	2.428791603	1.636026031
2.110232255	2.360733642	1.483269458
1.820346324	2.233717973	1.502201632
1.601409688	2.075110887	1.458045609
1.655356302	1.630792265	1.593833339
1.905754367	2.130430626	1.254035277
1.974559396	2.150777453	1.456264489
1.8900422	1.67811682	0.858149114
1.911297627	1.581100249	0.539693489
1.504355565	1.057918526	0.589783317
1.96713485	0.845168888	0.569947586
1.924885794	0.934992482	0.191706823
1.722334898	0.501311353	0.228784692
1.538171656	0.65121084	0.293864965
1.417232176	1.024764845	0.539795514
1.837149164	0.750564823	0.179485126
1.672756002	0.771941994	0.651032944
1.246375287	0.653323498	0.6463789
1.304235662	0.536708072	0.656789726
2.055703176	0.573955843	0.250112629
1.428026096	0.377877335	0.288447628
1.675646647	0.457103625	0.079464559
1.503239216	0.174598318	0.136481495
1.665237992	0.802686879	0.344189844
1.76134955	0.688400337	0.129568101
2.204734711	0.575362195	0.411996964
2.461514102	0.783023887	0.193788412
2.434115317	0.882048743	0.186749991
2.534155433	1.134455326	0.079400946
2.335859529	1.089030211	0.25668603
2.853379503	0.91900836	0.079269869
3.33806949	1.112145156	0.079280841
3.324775034	0.956948995	0.079279876
3.619929398	0.800290502	0.079348729
4.250361875	0.897933171	0.179677392
3.91927527	0.897878098	0.079354382
4.625222938	1.572068144	0.120188806
4.622070612	1.688457878	0.07933986
5.527626385	2.069306545	0.570905485
5.482795183	2.252897392	0.313718205
5.693812595	2.766809457	0.251104003
5.410689068	3.037739777	0.07966631
5.207983558	3.513044893	0.079725593
3.663714961	3.458950048	0.25739502
2.492164725	3.374484753	0.102881514
2.455108894	3.392574225	0.079771656
2.38834556	3.227703414	0.358545694
2.136861292	3.004428097	0.44101376
2.303453852	2.736997617	0.881038445
2.152818581	2.546452963	0.463950139
2.046398022	1.930938784	0.531783326
2.396697795	1.8188368	0.440755397
2.644209711	1.690024452	0.839228737
2.142602797	1.814959039	0.861327651
1.719614982	2.320310691	0.663304114
2.075357803	2.445143384	0.533642063
2.097195549	1.929943024	0.933201923
2.405459812	1.623596467	0.81816413
2.141684294	1.603386866	0.800903796
2.302621226	1.610728177	0.800727431
3.728397962	1.639856824	0.773276965
3.75796763	1.633455479	0.640318926
3.623266514	1.499309012	0.3194084
3.868209209	1.859111758	0.300328847
3.554942192	2.033559754	0.179160864
4.109375158	1.906030588	0.418509677
3.876087317	1.886739177	0.13634669
4.14466379	1.24776229	0.124848938
4.318446455	1.244115784	0.079503055
4.150679708	1.601550832	0.116964216
3.176020761	1.958890147	0.117097891
2.983994122	2.275923424	0.201228181
2.942439032	2.219363457	0.080028029
3.251008919	1.813027384	0.699255286
3.230647578	1.577946517	0.441533475
2.897949598	1.376529809	0.799633232
2.948804899	1.125325369	0.80207464
3.246811473	1.122742134	0.879163043
3.260459426	1.120252933	0.758513508
2.965877785	1.478948934	0.441568845
2.96952072	1.291779026	0.441650173
3.24504937	1.360817429	0.80255209
3.247651103	1.214720064	0.802650822
2.886222976	0.931023086	0.884379458
2.79016466	0.852151625	0.867891437
2.448955538	1.21040421	0.54033484
2.164669905	1.207476936	0.539706441
2.270901588	1.262245554	0.539127043
1.948864638	1.93033562	0.899325597
1.865436443	1.574532508	1.042252961
1.904852176	1.571668501	0.898214071
1.573502942	1.733402399	0.849273762
1.580259523	1.440090377	0.834100339
1.575593141	1.542577972	0.643459137
1.568972276	1.261733776	0.919787137
2.197689709	1.199126387	0.838432827
1.900183932	1.558427227	0.791790506
2.001914773	2.256070763	1.143836464
2.144439473	2.18705025	0.906630286
2.157140691	1.804033145	0.696505409
2.037363164	0.945388074	0.634585749
2.295611145	1.069824276	0.633355388
2.407675742	1.328831064	0.257061033
2.291148832	1.202957469	0.170321609
2.745843911	1.722893016	0.531145245
2.507012057	1.688760594	0.53059065
2.314643215	1.453294909	0.530054909
2.886333836	1.5188995	0.442412723
2.210400346	1.519853465	0.442139036
1.910328364	1.628605213	0.441877826
2.001984329	2.111854913	0.602702513
1.696210296	2.26632325	1.050405639
1.58900353	2.275149414	1.252149023
2.051489435	2.473508797	0.944441271
1.943631874	2.354281754	0.845100382
2.598023834	2.348169578	0.953412719
2.633867885	2.187297898	0.591234732
2.353260259	2.094310419	0.440554579
2.0827531	1.862103742	0.642748671
2.250014362	2.308765216	0.585483037
2.057445864	2.513457115	0.439999619
2.282384913	2.642880637	0.626281831
2.607910538	2.001764648	0.450067933
2.502606102	2.089619179	0.929553806
2.908618324	2.085771856	0.67875153
3.278584532	2.803691146	0.439541051
3.088385193	3.050755806	0.439632024
2.949060101	3.033302694	0.578544976
3.057573419	2.99207347	0.480617807
2.898946284	2.808195532	0.617438646
3.110245922	3.030193487	0.641489342
3.19503497	3.182927197	0.19040894
3.168513581	3.139607652	0.078751459
3.44394843	2.934894914	0.078835362
3.419844673	2.639844409	0.078903828
3.99585516	2.63459367	0.078940037
4.19057421	2.75319301	0.078975548
3.960660766	2.722369374	0.07902067
3.936703165	2.434886689	0.281433588
3.781985546	2.443500648	0.28298835
3.198660895	2.228015382	0.243370967
3.34232572	1.521250203	0.272809893
3.295483054	1.463900312	0.079188918
3.367800987	1.561473531	0.694760744
3.645357753	1.8195696	0.49998333
3.216800895	1.862460359	0.526523226
2.876774283	1.713275677	0.683853292
2.852342788	1.98925512	0.158823042
3.125335996	1.649681122	0.187928806
2.667164912	2.005917165	0.078015032
2.327286606	2.398916907	0.374350031
2.394980446	2.563164568	0.150748732
2.420948533	2.276135472	0.151925687
2.595608821	2.563327962	0.077031412
2.454476132	2.403680009	0.076810287
2.792485354	2.798129914	0.158258668
2.876539836	2.716403542	0.247041492
2.525503461	2.63428687	0.093351235
3.020837104	2.304400921	0.075982261
3.36905126	2.95566177	0.07579269
3.25893221	2.882864795	0.075604712
3.397508612	3.068718773	0.239915641
2.631163335	2.691477796	0.436862204
2.568984033	3.194244128	0.489183496
2.817457111	2.906841073	0.47968263
2.394267884	2.631056346	0.436352937
3.191688353	2.773279227	0.436195074
3.527162642	2.724108118	0.4360442
3.30525444	1.80854601	0.435896032
2.91559234	1.822842425	0.607371568
2.701298771	1.585084988	0.395828789
2.587011232	1.14935667	0.182486832
3.205586519	0.952072496	0.074169047
2.814739794	0.865359053	0.074119864
2.821374913	1.328528318	0.074064073
2.90280459	1.296233287	0.074045461
2.858862529	1.319956381	0.21052511
3.332706844	1.184666721	0.074012964
3.11875202	1.346468516	0.074054697
3.465217459	1.569238868	0.074051553
3.267762516	2.024148208	0.074092119
3.188226495	1.95428589	0.226927751
3.38761517	1.967070769	0.345655947
3.276943439	1.750970294	0.075387138
3.16198775	1.522800722	0.277864181
3.164443366	1.874195251	0.217405704
3.150501745	1.655010494	0.278113224
2.634296238	1.184341665	0.159396494
2.600115359	1.060102879	0.076118003
2.547804612	1.19047108	0.398301007
2.518786399	1.352817896	0.119458119
2.978410524	1.088003277	0.076286432
2.74975104	1.049721272	0.33654299
2.268417225	0.898456391	0.076424964
2.512134418	0.872609416	0.247974307
2.173444459	1.050921865	0.291170965
2.005099801	0.865651053	0.076508918
2.014106262	0.890491427	0.241005453
1.98633092	1.548616168	0.076538897
1.783645347	1.11454037	0.206049627
1.994317461	1.093430604	0.162905792
1.975050401	0.861354422	0.35529018
1.891080219	0.966088097	0.144648034
1.800216845	0.920586672	0.076874852
1.63639134	0.886667186	0.33983099
1.706306946	1.463015776	0.223755861
2.03707218	0.920880797	0.254815565
2.034204205	0.795824639	0.376896381
2.556375384	0.796471821	0.189434825
2.381270324	0.739483347	0.077526301
2.444088699	0.673739755	0.077620508
2.994795582	0.585619504	0.238492566
3.354141366	0.438743359	0.09816894
3.154069212	0.481418081	0.077040791
3.355470933	0.274719039	0.218016582
4.280203591	0.651992469	0.076660725
4.074760115	0.477360703	0.281820541
4.052762884	0.176377627	0.437884378
4.293977238	0.280917714	0.438674308
4.74531535	0.085217746	0.438521006
4.428890491	0.135303708	0.301932258
4.113413782	0.085063248	0.076909046
3.887999563	0.270846266	0.120123211
3.883616464	0.266584553	0.077107349
4.053195568	0.084877649	0.163567746
3.538227958	0.245896966	0.120512768
3.223174562	0.289219365	0.077447379
2.854797875	0.270134711	0.660641794
2.750302126	0.196477555	0.635332939
2.206918546	0.640648709	0.43933236
2.016238908	0.446944725	0.439413978
1.823557934	0.597412178	0.422390447
1.716877408	0.588060734	0.07813179
1.597282784	0.569378474	0.231050821
1.469089846	1.168594082	0.098212147
1.884153411	1.16858386	0.078472666
1.811697076	1.289913005	0.269865094
1.690732559	0.918645172	0.272683054
2.203467951	0.807223839	0.409462182
2.594591032	1.25907934	0.407698606
2.794511329	1.379332247	0.111350483
2.882803841	1.322043622	0.209340138
3.161466694	1.168134231	0.341257148
3.102413461	1.168150168	0.182476553
3.459159424	1.406431376	0.1989355
3.957990859	0.76064497	0.223483754
4.102149336	0.611805351	0.259491176
4.525506733	0.558112272	0.097781524
5.114752564	0.55696787	0.08009926
4.952042676	0.916646627	0.195543731
4.714648763	0.780987981	0.161697443
4.672423553	0.664663621	0.079778842
4.468988412	0.662553089	0.079533721
5.094433706	0.84252704	0.250788429
4.411484506	0.658578226	0.480992711
3.963015191	0.446052315	0.490089437
3.394157104	0.446051581	0.439694226
3.542208457	0.176233696	0.424608057
4.20232931	0.281226469	0.07833977
4.191882607	0.993214808	0.214727352
4.207573152	0.831517042	0.078112772
3.964424017	0.807373004	0.077996649
3.447451579	1.168461475	0.07787921
3.513798758	1.229137977	0.137263316
3.423204169	1.273484634	0.207167345
3.611290275	1.168500089	0.077597971
3.236889068	1.168521625	0.548061686
3.115288059	1.168545704	0.520031653
2.929885459	1.168572555	0.493164388
2.750121276	1.529938563	0.438312521
2.894051412	1.609970952	0.438299002
2.729445813	1.281709671	0.793385558
2.464708133	1.399565275	0.484470109
2.850450802	1.226858762	0.438403866
2.731418788	1.025492161	0.438486802
2.76577696	1.023418168	0.241708819
2.784420214	1.021903465	0.171912425
3.258526711	1.057811282	0.171037663
3.37456622	1.231560727	0.169976207
3.03662266	1.037698707	0.219477637
3.008702283	0.765142411	0.223529066
2.721588165	0.510984114	0.33741411
2.715678559	0.765075605	0.237381716
2.710219663	1.168768146	0.166975867
2.704046579	1.230185201	0.166424662
2.140461127	1.117798131	0.16587
2.117275474	1.170518269	0.396231531
1.883464728	1.010403469	0.137648789
1.878471147	1.721872101	0.121152271
1.873605834	1.397258864	0.077931758
1.859741938	1.728644925	0.077865243
1.59090215	1.870969704	0.077805577
1.503223152	1.772711033	0.077776536
1.202428447	1.573222212	0.077867883
1.44884388	1.866565243	0.077806354
1.445515694	1.933007965	0.077743162
1.698462358	2.062871979	0.164043993
1.60978901	2.293263917	0.207156986
2.421570464	2.651438796	0.077600088
2.66143583	2.648722302	0.077555548
2.664284213	2.646133967	0.163857803
2.55049594	2.631101888	0.077598344
2.827586969	2.398598355	0.077684137
2.551820261	2.738867062	0.438591658
2.785828654	2.506881991	0.438676367
2.415898056	2.287954563	0.438756456
2.158575605	2.240940385	0.34318488
2.419391159	2.138049832	0.228547739
2.498981475	1.982483174	0.281066501
2.679802738	1.847236324	0.197108566
3.156476372	1.618208028	0.078160667
3.362919206	1.623834927	0.078175515
3.856240874	2.603012155	0.128351717
3.73176874	2.508942663	0.18319343
3.82663363	2.277620616	0.255795882
3.82273652	2.000777353	0.245870758
4.104913105	1.89503317	0.21948353
3.552149496	1.790890726	0.07815797
3.719078424	2.148740807	0.078102494
3.849519629	2.597381858	0.192386477
3.882810013	2.503388147	0.078038854
3.701209025	2.434093492	0.078030879
3.639888132	2.345510178	0.118756456
3.884215677	2.243878484	0.077814533
3.845040153	1.914181381	0.255299954
4.607730935	1.909669494	0.100868592
4.829387971	2.687183719	0.077874175
4.676361508	2.714979854	0.077950104
4.591265372	3.138722312	0.078043319
4.68387904	2.971061825	0.078129629
4.803892853	2.937612312	0.078157113
5.094959153	3.617482359	0.164511752
5.197004299	3.509090685	0.078040074
5.17586709	3.505833115	0.187571916
5.144385084	3.29916178	0.222326882
5.196661863	3.272177213	0.388086737
5.060418117	2.814903515	0.187360593
5.156448351	3.647382842	0.235248219
5.014780045	3.518856792	0.120972983
5.060643756	3.128545751	0.077862482
5.156815492	2.739995238	0.077924045
5.05079718	2.474963084	0.077985115
4.590088087	2.34051564	0.078009935
4.445809273	2.420511788	0.443632736
4.344489831	2.662166571	0.103332498
3.924583486	2.65679369	0.222770231
3.896254269	2.651555281	0.097098116
3.668586184	2.532699259	0.078415374
3.146117213	2.109948392	0.078508243
2.979932274	1.624357972	0.078606757
2.77111402	1.858136518	0.20584655
2.796664878	1.639579458	0.2315326
3.353119483	1.73374084	0.208365277
3.441767362	1.371916061	0.194492497
3.399731252	2.100270232	0.601192998
3.163156348	1.942206746	0.696731597
3.501743097	1.601976993	0.595651328
3.098138989	1.617448667	0.872673184
3.065185876	1.411821683	0.5240606
3.010909863	1.472531831	0.440723593
2.897653956	1.145678235	0.440838136
2.814298484	0.863359254	0.440957121
2.899170923	0.92218171	0.560166468
2.503928381	0.81514599	0.572934599
2.280649601	0.897822108	0.404672706
1.921490097	0.937021081	0.415187443
1.915614698	0.579125105	0.297855226
2.032705979	0.915559469	0.326032288
1.992642868	0.830926939	0.754474359
1.914117079	0.647494349	0.661217781
2.174101256	0.646121569	0.540319097
1.666418858	0.644817373	0.418059353
1.649725861	1.00462935	0.335038219
1.799686745	1.364510864	0.180686292
1.368123294	1.460388311	0.080393471
1.671540308	1.440757151	0.166783325
2.004156997	1.403533229	0.166849577
1.823480571	1.628726614	0.315081272
2.560751139	1.581415739	0.258244935
2.638126962	1.470964144	0.103788982
2.453200646	0.803866925	0.135600291
2.628393052	1.101331633	0.137975515
2.768676065	1.366341328	0.309500367
2.730489193	1.119562006	0.08081376
2.565171497	1.306973979	0.171800051
2.602658095	1.141596946	0.195129016
2.786367171	1.337301021	0.312986288
2.735742182	1.033282302	0.217371898
2.757877103	0.932752368	0.442345299
2.737338016	0.792530698	0.757387717
2.221347184	1.018460573	0.444060671
2.462429892	0.712563423	0.291671041
2.741089335	0.875690888	0.414061467
3.005058191	0.97076476	0.163949206
3.798204517	1.394854963	0.444254334
3.38771653	1.567098518	0.663434942
4.01019414	1.90422035	0.492652138
4.403404671	2.218119572	0.398180899
5.083532907	2.030124075	0.494215844
4.72487903	2.181118129	0.541998242
4.968048087	1.692588261	1.101518263
5.521184497	1.54686241	1.128781075
5.36968585	2.116617618	0.571805412
5.353378615	1.803644935	0.184892909
5.469258977	1.701296365	0.266841517
5.358668638	1.336173434	0.6189476
4.508595143	1.234537507	0.930269647
5.615863247	1.369864516	0.719225743
5.196552328	1.364930285	0.442156131
5.355667037	1.043744511	0.964097098
4.978795788	1.238836673	0.999202257
4.354424528	1.633305708	0.925047484
4.691402399	1.90666857	0.80272753
5.022513142	2.414931341	1.079171824
4.018648994	2.460545874	1.250352762
3.681294391	2.299218321	1.163952273
4.248789184	2.469483552	1.163884106
3.748564239	2.839900032	0.816838327
3.509306068	2.69820569	1.160754596
2.96219143	2.444770854	0.638054189
3.810043377	2.222316709	0.46811294
3.821563598	2.263291865	0.500123955
4.112418869	2.679193411	0.87402328
4.064352892	2.577544778	0.806619809
4.222660093	2.699751678	0.550617796
4.099280049	3.206385463	0.404242457
4.863995443	3.50553681	0.259935605
5.341003611	3.949098735	0.46826195
5.403957044	3.48748764	0.368120602
5.582706078	3.734490253	0.20779076
5.042718825	4.099950709	0.440883049
4.761523529	4.096804256	0.440843044
4.918959025	4.283439208	0.80150182
4.327771362	4.5075453	1.148657094
4.212300606	4.3424482	0.463303537
3.504505393	4.707208364	0.432079351
3.495947538	5.030352291	0.117933009
3.384295062	4.247598319	0.324280408
2.923532593	3.594791316	0.333090537
2.886788352	3.653592005	0.375297097
2.538294581	3.868555902	0.246079495
2.886542046	3.6372905	0.188963838
2.769896022	4.083803562	0.451440572
3.127671522	3.6711776	0.509746843
2.700028268	3.042023243	0.300892847
3.266350301	3.419778042	0.456026677
3.637459855	3.291948767	0.460382795
4.121453019	3.126603353	0.440488505
4.526599965	2.475552871	0.53146104
4.631979176	2.998696992	0.501099946
4.276895954	3.216548349	0.74753825
4.469552172	2.823464155	0.463582651
4.415887423	2.69504381	0.771909459
4.344826421	2.076912501	0.783973444
4.700575494	2.034715437	0.580390619
4.173143982	2.530459028	0.524786314
4.138312731	3.202887083	0.666701266
4.617169161	3.051778393	0.331441619
4.484708906	3.01293232	0.218461525
4.317222705	3.127369931	0.323493042
3.698638699	4.163704439	0.378305037
3.275577854	3.831168878	0.399912884
3.520525217	4.532534139	0.327962528
3.547253392	5.248108283	0.079802519
3.460322405	5.339869906	0.170778598
3.519432789	4.807288492	0.224394012
3.375605747	4.715153667	0.33553886
3.822025066	4.499338074	0.363504369
3.376061462	4.197157	0.32740557
3.078396979	3.579294903	0.307638599
3.182391262	3.798144151	0.269210542
3.13475471	3.541247552	0.553117092
2.933623105	3.490007784	0.274804086
3.099305329	3.160756659	0.140948579
2.696023408	3.589979363	0.199241814
3.384116199	3.34877268	0.68022437
3.165822652	2.626173921	0.54791676
3.419112197	3.023087573	0.56405744
3.323517771	2.615520665	0.510560744
3.212097646	2.684908943	0.263283058
3.246869611	3.505498079	0.252695062
3.635101256	3.989709706	0.271323921
3.507469486	3.929973881	0.216466854
3.656517855	4.054040222	0.702858355
3.439573688	3.394398686	0.292367904
3.489701229	3.218378738	0.337764657
3.905921273	3.204542509	0.079997884
3.81936694	2.945059124	0.378735757
3.27209913	3.747480612	0.244639786
3.052325031	3.592182753	0.080195944
3.445153617	2.961927872	0.763363715
3.949124743	3.27261981	0.532423187
4.568000209	2.461610773	0.980533183
4.072868046	2.264244495	1.06331694
4.007388957	2.709428573	1.775834168
3.940496722	2.712484316	0.89644208
3.491104241	3.327327802	0.66560932
3.165364344	3.682687671	0.778228089
2.998211716	4.258204112	1.005036707
3.424573094	4.030217495	0.640235993
3.238584844	3.870860653	1.070101876
3.716052177	3.63129861	0.953949731
3.585417258	3.275771238	0.539487715
2.862751657	3.686562261	0.421755095
2.850439568	3.406248753	0.929845518
2.607443371	3.202873023	0.622640923
4.313882729	2.358502427	0.579728251
4.04507753	2.68116635	0.719644745
4.462877518	2.356648109	0.713745137
4.058296728	2.577163659	0.257430917
4.013373085	2.872363961	0.922255978
5.268186308	2.172835063	1.071345686
5.568933936	2.988880116	0.94464241
5.432366956	2.23704523	1.447973005
4.727927092	2.204155468	0.977172586
5.09554528	2.384210674	0.951472122
5.847570938	2.512950967	1.244577625
5.896556461	2.060895082	1.156930249
5.477841074	3.682902336	1.072850494
5.262958133	3.737528369	0.87130093
5.345220847	4.004600726	0.673559259
4.767957735	4.020074083	0.502462068
4.763357353	3.413024061	0.080462206
4.864405056	4.193159036	1.140471748
5.035040076	3.832710567	0.914460586
4.773428362	3.64465432	0.680400489
4.614396383	3.65438605	0.917677193
3.915751311	3.630781419	0.682104538
3.926676693	3.449569165	0.575979105
3.877675407	3.369378555	0.768541006
3.605989555	3.38394059	0.766244058
4.249458548	3.108201315	0.808766327
3.61584028	3.119412123	0.778743926
3.646636099	2.872131215	0.795743542
3.727873874	2.880772521	0.524263778
4.012313264	3.122429473	0.865588361
4.081225802	3.286476701	0.73646451
4.220409632	3.194901299	0.106222204
4.021535331	2.576887182	0.267673137
4.166416505	2.319175886	0.483398018
4.038099438	2.168497823	0.407810659
4.986753052	2.186952454	0.422871651
4.990981217	2.23833097	0.732377485
4.561441259	2.335491227	1.013411128
4.668076871	1.867340939	1.013942697
4.719972607	2.021280261	0.89019648
4.743222631	2.085267403	0.808814207
4.656248527	2.552531506	0.440447016
4.039037897	3.36523737	0.188399866
3.734419315	2.774198915	0.323910436
3.943671844	2.71876989	0.102142076
3.852414701	2.747770771	0.231750665
3.637403171	2.867810852	0.635806256
3.325986017	2.700083128	0.476538186
2.680574962	2.377293506	0.814621532
2.309438701	3.317059548	0.28720001
2.11519268	3.541581657	0.26108848
1.913257645	2.976441189	0.358914108
1.757225031	2.425494775	0.396702796
1.702940525	2.80569124	0.796349667
1.806607523	2.572655073	0.797018894
2.334130185	2.634989409	0.606800959
2.686176203	2.478725087	0.720894676
2.957340822	2.847315242	0.895750643
2.441761306	2.831453803	0.77405834
2.564423725	2.67168228	0.667088948
2.769274946	2.869635653	0.443124149
3.338238045	2.164868222	0.468452135
4.518517466	2.004715334	0.17287077
3.690204648	1.802584996	0.211413631
2.984730682	1.546239449	0.782979665
3.137952528	1.571133737	0.759525499
2.629988871	2.012327343	0.357545235
3.17894803	2.503026247	0.564812769
3.177129025	2.622594324	0.557857637
3.457512987	2.584017609	0.722839971
2.958189077	3.237702157	0.275273387
3.509283892	3.282918604	0.188427106
3.01352151	3.100370829	0.615221686
2.863416151	2.894432797	1.14458132
3.193190345	3.341272638	0.855273602
3.54496332	2.469924849	1.158389992
3.492211747	2.772462434	1.310431895
3.303794963	2.445682202	1.335191028
3.640355611	1.788838061	1.252259087
3.366033541	0.913152259	1.185133877
3.052551673	1.739669824	1.065903677
3.108047354	1.863565302	1.103517098
3.228004399	1.96523059	1.049764405
2.894143657	2.032736697	1.230881332
2.703399632	2.029286238	0.836449546
2.988660335	1.865393884	0.304677556
3.300078462	1.637670732	0.588960176
2.976683729	1.547766946	0.354587431
3.446958696	1.927355057	0.592601486
3.140094251	1.829080668	0.46290063
3.212902486	2.256153853	0.082753794
3.221300716	1.542641682	0.276419387
3.228342671	1.779217243	0.260155262
3.410285667	1.564227776	0.35687537
3.095217639	1.43209241	0.346635276
2.796856699	1.325410939	0.082879023
2.46219762	1.216154442	0.726565461
2.660955856	1.251709629	0.467069333
3.38449834	1.373755425	0.444015557
2.80228365	2.044785265	0.494209562
2.660912121	1.414066608	0.855755898
3.325313063	1.5459146	1.288832507
4.0562055	1.20728164	1.207188684
4.656213822	1.005851629	1.381045513
4.344664538	1.421710389	1.201602117
4.101245665	1.487149726	1.013205635
4.428934688	1.697972159	0.858162157
4.776970325	1.321187918	0.54848563
5.345451617	1.24953634	0.533138316
5.589751245	1.890593974	0.776652226
4.998555626	2.37886708	0.954681351
5.295335924	2.575268273	0.999814559
4.388081853	1.885945234	0.765618043
3.778154741	2.135414919	0.836680014
3.522505558	1.733304167	1.283699024
3.530236448	1.671508417	1.067670232
2.860271725	1.300354831	0.70221253
2.786341845	1.52780656	0.53949411
2.524539349	1.822040371	0.650249247
2.634752389	1.840577371	1.030964515
2.678545384	1.655149635	1.096191924
2.37541614	1.566452831	1.152340287
2.844338371	2.370280055	0.536803728
3.030716186	2.026022668	0.636664845
2.919437158	2.237013589	0.800703241
3.305470646	2.495767867	0.667590329
3.371489001	2.132907189	0.747013618
2.843978316	2.284827639	0.7330027
2.538588471	2.14190553	0.30063917
3.343200685	1.959096544	0.268997482
3.127032748	1.90499011	0.347342551
2.803795205	1.74278153	0.411496497
3.432024108	1.516370782	0.184235851
3.793898141	1.545168255	0.183281577
4.096188348	1.945868581	0.70814733
3.9339688	1.677489102	0.592932172
4.88963364	2.268873185	0.532872251
5.010347092	1.668830137	0.24719861
4.899811884	1.799219468	0.305311438
4.765878662	1.655458484	0.289397342
4.740663488	1.891932422	0.423518619
4.31395927	2.157233776	0.718607313
4.205127123	2.234058869	0.708268333
3.984144149	2.324114338	0.54376776
3.520224505	2.197597622	0.973987672
3.113014859	2.588960596	0.946882901
3.440920385	2.769753404	0.859731319
3.026606289	2.736358495	1.006796139
2.930639076	3.00956026	0.942486949
2.82109182	3.520968404	1.302129102
3.084473608	3.374520948	1.470131404
2.140628655	2.842759268	1.240303456
1.940807063	3.018364705	1.153004444
2.072090146	2.79779115	0.875075311
2.307041546	3.157597994	0.652055428
2.54609167	3.328833969	0.558473329
2.634908459	3.005023655	0.923999166
2.324397236	2.518857211	1.214435655
2.224321806	2.437026112	0.805299788
2.57798838	2.537497172	0.939479645
3.232514508	3.499997522	1.016478754
3.103530441	3.548143964	1.282439855
2.60819837	3.530685695	1.180821257
2.773302182	3.588152676	0.836741373
3.230565831	3.811389115	1.079352336
2.991591124	3.39056786	0.67513992
3.285190852	3.342063913	1.257171593
3.037557604	3.086702941	1.318648874
2.86650926	3.082262311	1.28525842
3.307433858	2.974646306	1.490684849
3.074196889	2.667368995	1.510401482
3.239062161	2.341078264	1.401539232
3.722350389	2.376801369	0.995543354
4.10657047	1.956382078	0.925137539
3.986092821	2.112223431	1.205731891
3.889671619	1.891953335	0.915593293
4.250744499	2.195805328	1.212115831
4.069526109	2.887853026	0.917780068
3.771476651	2.562547725	0.805239118
3.799639832	3.04018175	0.90558158
3.47300295	2.712684264	0.822076358
3.65929939	2.940447096	1.05139527
3.405401716	2.657493251	0.852605058
3.11953455	2.366145103	1.345629733
2.658928818	2.782239649	0.871836797
2.700118411	1.952001971	0.931714872
2.272361573	2.114156417	0.548940994
2.603586622	2.961202037	0.294293832
3.175017673	2.861087794	0.14715743
2.55309515	2.19693933	0.24756661
2.525222381	1.751928316	0.805265612
2.795918837	2.139801796	0.805268408
2.916592877	1.663529715	0.92660398
2.913391273	2.521467189	0.905612581
2.857593631	2.256932995	0.919105591
2.663001546	1.762329719	0.573322434
2.30938124	1.661448657	0.674211429
2.667211617	1.755476247	0.638510072
2.89956785	1.955980915	1.117698374
2.720071971	2.314226719	1.277979624
2.157579452	2.065071958	0.444275938
1.531445843	1.828024361	0.549296656
1.461733763	1.767312048	1.139373023
1.650888542	1.628345271	0.789849535
1.930694941	1.555306106	0.624544098
2.010048622	1.442445744	0.832571333
1.704241322	1.371717935	0.531532676
1.649508639	1.635984749	0.295657065
1.308620515	1.537117918	0.08332912
1.490491497	1.287852213	0.597280166
1.743343424	1.805298975	0.555331973
1.802111129	1.843588306	0.778687235
1.635918123	1.599194079	0.527960297
1.623051531	1.056327262	1.210376794
1.368868751	1.524865165	1.26755629
1.285931656	1.522130673	0.624522135
1.226836523	1.65357981	0.640555899
1.428007435	2.085230126	0.730399564
1.584754913	1.981744742	0.137353075
1.577665618	2.119051584	0.179072818
1.756169996	2.1175222	0.461398243
2.134928917	2.27714947	0.982504467
2.034396092	2.180126409	1.271709706
1.89412335	1.859036682	1.33649961
1.737573267	1.909596979	1.569412585
2.060681259	2.09835333	1.376322453
2.47142661	1.999844315	1.350572865
2.390921885	2.34340054	1.280051815
2.12180806	1.80301615	1.168899506
2.322351305	1.82346417	1.057101446
2.181300894	2.080288064	0.468443285
2.440834045	2.376988519	0.667149772
2.794070148	2.233204936	0.260152313
2.6651763	2.76196187	0.263103096
2.491611729	2.119768288	0.124454486
2.453281594	1.903317574	0.535578902
2.360186554	1.600270337	0.463798733
1.885650806	1.618107648	0.577437904
2.086123007	2.412947402	0.851594437
2.375077749	2.292918239	1.277087494
2.329738055	2.016892126	1.231651624
1.806661042	1.673168234	1.392545315
2.021494461	1.689026466	1.236500443
2.149585897	1.495407267	0.751195253
1.557729525	1.058799398	0.545020013
1.787191786	1.01921039	0.18608272
1.687717691	0.856671941	0.80265788
2.028818335	1.216177638	0.348549054
1.951027164	1.260518341	0.445019037
1.477022803	0.883081476	0.445033994
1.92169876	1.034513988	0.445055606
1.972449515	0.737346553	1.000217398
2.199689241	1.097731411	1.242944115
2.022294266	1.458209395	1.304074393
2.331432608	1.618557525	1.061384624
2.600390114	1.434067265	0.915834987
2.968494309	1.274739213	0.9110006
2.450898708	1.361917969	0.460510309
2.726986019	1.593924797	0.594029566
2.40587368	1.536549116	0.545025244
2.367903203	0.849455132	0.780972105
2.978419858	0.985363409	0.744658252
3.114086022	0.82771231	0.943907927
3.236181621	0.749029844	0.465884978
3.34333318	0.846799995	0.96680566
2.890296296	1.02586882	0.74836855
2.632323287	0.852284088	0.791462337
3.153117169	0.70095467	0.419461269
3.089070659	0.424149709	0.180565692
2.826072904	0.599778685	0.18459889
2.632295514	0.339064471	0.22077903
2.511531475	0.338532381	0.455266217
2.26454884	0.292525987	0.104155558
2.392382809	0.392377739	0.557603549
1.993008691	0.291596603	0.889026775
1.825759866	0.599165527	0.828004686
0.924233267	0.391087399	0.807089892
0.797976575	0.651275342	1.259312509
1.319640966	0.650916052	1.336327416
1.44500105	0.65057603	1.529520581
1.396724948	0.65024484	1.529543551
0.730914431	1.101656677	1.704219447
0.853766496	1.010362976	1.3687796
0.7533224	1.010085815	1.260191405
0.899408412	1.132345501	0.414067921
0.865743853	0.909135125	0.386051315
0.734082458	0.909187553	0.325868067
1.353471274	1.119883217	0.190056913
1.234296095	0.936684658	0.189168181
1.079337164	1.282971149	0.549222726
0.793749635	0.866797152	0.961444168
0.986363996	1.139266525	1.065616056
0.791687625	1.04869243	0.754073111
0.886390059	0.884613906	0.445111033
0.789769806	1.253099553	0.606188478
0.939361813	1.328461624	0.511556686
0.788010224	1.3086235	0.61547476
1.117459393	1.147273496	0.531484065
1.016620844	1.137755965	0.502327501
0.903357597	0.810173493	1.04642781
1.221159602	0.781225233	0.881655353
0.901318431	1.042782439	0.265619686
1.094274581	0.602798213	0.19496352
1.714072441	0.684363027	0.284933157
1.317783062	0.71295965	0.604140932
0.917947188	1.298342088	0.553022125
1.010306226	1.435113099	0.413656749
1.040900241	0.929832598	0.231045451
1.482517867	0.954300628	0.280379749
1.261844616	0.956719284	0.084730958
1.062289156	0.911303886	0.175756107
0.790133147	0.826359912	0.084782755
1.150253349	1.140479328	0.319309942
1.149724459	1.017547469	0.125671378
1.015037209	0.879216454	0.084865759
1.023658934	0.655899675	0.084889393
1.164449848	0.47942791	0.410391163
0.860205771	0.407638386	0.286799669
0.773220065	0.557020423	0.084977918
0.777604344	0.405454167	0.085012375
0.681680803	0.404426626	0.085046539
0.670364032	0.403387521	0.085083654
0.366063942	0.402392652	0.085121256
0.320353714	0.964500702	0.555648091
0.320153266	0.901850631	0.850407852
0.319962496	0.805849341	1.346248676
0.319795045	0.759511819	1.32803965
0.456275952	0.75873017	0.855416392
0.480829311	0.999483365	0.898625159
0.38617323	1.118161484	0.807681259
0.319709379	1.117455853	0.860230035
0.319680004	1.477746243	0.807777081
0.419987257	1.838128588	1.249172547
0.49113079	2.312555392	0.974352861
0.61827777	2.093930167	0.912917567
0.319594779	1.821116032	0.766785037
0.319579743	1.792283701	0.359145927
0.212295944	1.572552902	0.194407799
0.933703878	1.648256142	0.401113902
1.038829687	1.991149713	0.19252384
0.933945693	2.021927595	0.876020383
0.6609255	2.336014585	0.57078244
0.508044914	2.019949577	0.543171284
0.207864068	1.724726615	0.8124872
0.566920284	1.462737871	0.430172595
0.561798954	1.854410673	0.504479209
0.558304734	2.068252115	0.425850144
0.71646858	2.062288663	0.459479938
0.380421443	2.05472225	0.420998655
0.189566157	2.048713454	0.421017619
0.345791479	1.763394496	0.357831507
0.299080405	1.323347941	0.163010885
0.594565402	1.319402478	0.578660033
0.539082678	1.315668873	1.242915732
0.536949727	1.458884044	1.131110715
0.535638426	1.16027469	0.872073684
